# qdac_LB_set	qdac_bias_left_set	lockin1_conductance
# "Left Barrier"	"DCbias_left"	"Conductance dIL/dVL"
# 21	101
-0.795	-0.0003	1.06181459836081
-0.795	-0.000294	1.06186307656875
-0.795	-0.000288	1.07091029948395
-0.795	-0.000282	1.08627167718839
-0.795	-0.000276	1.11205140590721
-0.795	-0.00027	1.13849232835845
-0.795	-0.000264	1.15365996825255
-0.795	-0.000258	1.17753399602995
-0.795	-0.000252	1.19818448579352
-0.795	-0.000246	1.20782088515617
-0.795	-0.00024	1.2182458866086
-0.795	-0.000234	1.2186589138999
-0.795	-0.000228	1.20352977655667
-0.795	-0.000222	1.17608822548896
-0.795	-0.000216	1.13843334945268
-0.795	-0.00021	1.10717313352434
-0.795	-0.000204	1.08008449328517
-0.795	-0.000198	1.05674941360359
-0.795	-0.000192	1.05566722958689
-0.795	-0.000186	1.05933415942851
-0.795	-0.00018	1.05522952566157
-0.795	-0.000174	1.05827192672594
-0.795	-0.000168	1.06154998086951
-0.795	-0.000162	1.05492798074168
-0.795	-0.000156	1.054542780282
-0.795	-0.00015	1.06526906415742
-0.795	-0.000144	1.06955929769681
-0.795	-0.000138	1.07727407003813
-0.795	-0.000132	1.08456907715113
-0.795	-0.000126	1.08886832378851
-0.795	-0.00012	1.07812628887809
-0.795	-0.000114	1.0371361299127
-0.795	-0.000108	0.984610871100623
-0.795	-0.000102	0.932847612673127
-0.795	-9.6e-05	0.8845081055099
-0.795	-9e-05	0.857408089512792
-0.795	-8.4e-05	0.835727394180904
-0.795	-7.8e-05	0.792220218873972
-0.795	-7.2e-05	0.739094145359605
-0.795	-6.6e-05	0.69191277723329
-0.795	-6e-05	0.669886521549599
-0.795	-5.4e-05	0.69888243785249
-0.795	-4.8e-05	0.753304997024248
-0.795	-4.2e-05	0.795869997579712
-0.795	-3.6e-05	0.807674090194772
-0.795	-3e-05	0.786643475310764
-0.795	-2.4e-05	0.748382271691158
-0.795	-1.8e-05	0.711885097173482
-0.795	-1.2e-05	0.685001701739282
-0.795	-5.99999999999998e-06	0.685082075797787
-0.795	0	0.712243389599381
-0.795	5.99999999999998e-06	0.755524318705687
-0.795	1.2e-05	0.806339276960946
-0.795	1.8e-05	0.841741841669442
-0.795	2.4e-05	0.832667404438858
-0.795	3e-05	0.787621264935884
-0.795	3.6e-05	0.735569762441094
-0.795	4.2e-05	0.698416644551662
-0.795	4.8e-05	0.704527392155119
-0.795	5.4e-05	0.739807667512763
-0.795	6e-05	0.764756003812841
-0.795	6.6e-05	0.774650895246032
-0.795	7.2e-05	0.776720582024528
-0.795	7.8e-05	0.793384045789852
-0.795	8.4e-05	0.839087353720549
-0.795	9e-05	0.895554573040924
-0.795	9.6e-05	0.951684020028029
-0.795	0.000102	0.993059379453097
-0.795	0.000108	0.998877463950974
-0.795	0.000114	0.985686492201727
-0.795	0.00012	0.970210919446579
-0.795	0.000126	0.948542299911322
-0.795	0.000132	0.936137217572558
-0.795	0.000138	0.943595072942136
-0.795	0.000144	0.955748751166713
-0.795	0.00015	0.972993953356816
-0.795	0.000156	0.992330368785324
-0.795	0.000162	1.0067302329404
-0.795	0.000168	1.02840672799316
-0.795	0.000174	1.06146046245282
-0.795	0.00018	1.09288291409801
-0.795	0.000186	1.12884254062075
-0.795	0.000192	1.16165143388181
-0.795	0.000198	1.19207868226911
-0.795	0.000204	1.22367614548996
-0.795	0.00021	1.22914866965952
-0.795	0.000216	1.21067952406728
-0.795	0.000222	1.18853181035511
-0.795	0.000228	1.15465289637294
-0.795	0.000234	1.1164700104335
-0.795	0.00024	1.09225584766289
-0.795	0.000246	1.07032934857334
-0.795	0.000252	1.05951923416019
-0.795	0.000258	1.04843653923928
-0.795	0.000264	1.03391232935501
-0.795	0.00027	1.02583904580515
-0.795	0.000276	1.01219960688887
-0.795	0.000282	0.995155492985836
-0.795	0.000288	0.985230324538617
-0.795	0.000294	0.978228374311767
-0.795	0.0003	0.968742309890751

-0.796	-0.0003	1.05771705255023
-0.796	-0.000294	1.0576568485885
-0.796	-0.000288	1.06176305745424
-0.796	-0.000282	1.07969369244549
-0.796	-0.000276	1.09536755330945
-0.796	-0.00027	1.11577530201398
-0.796	-0.000264	1.13430570167297
-0.796	-0.000258	1.14194941931189
-0.796	-0.000252	1.15798529160134
-0.796	-0.000246	1.17250888894589
-0.796	-0.00024	1.16908408760009
-0.796	-0.000234	1.16438537706787
-0.796	-0.000228	1.16112202390126
-0.796	-0.000222	1.14429133660231
-0.796	-0.000216	1.13127222618413
-0.796	-0.00021	1.12446593886227
-0.796	-0.000204	1.11760539797803
-0.796	-0.000198	1.1099986077442
-0.796	-0.000192	1.11508111863523
-0.796	-0.000186	1.13559151163461
-0.796	-0.00018	1.15241327335803
-0.796	-0.000174	1.15419401605403
-0.796	-0.000168	1.15702456561313
-0.796	-0.000162	1.15998287361941
-0.796	-0.000156	1.14715400079462
-0.796	-0.00015	1.1369592270393
-0.796	-0.000144	1.13583302759069
-0.796	-0.000138	1.12873245832671
-0.796	-0.000132	1.12429906534798
-0.796	-0.000126	1.11503474059034
-0.796	-0.00012	1.07422571859789
-0.796	-0.000114	1.00813907605281
-0.796	-0.000108	0.942042020308863
-0.796	-0.000102	0.883810334391739
-0.796	-9.6e-05	0.860355021761131
-0.796	-9e-05	0.859017495871501
-0.796	-8.4e-05	0.858320249794104
-0.796	-7.8e-05	0.844071683139733
-0.796	-7.2e-05	0.79898975374169
-0.796	-6.6e-05	0.753586765651427
-0.796	-6e-05	0.741716868694632
-0.796	-5.4e-05	0.766245177222526
-0.796	-4.8e-05	0.814575583788798
-0.796	-4.2e-05	0.859475501153794
-0.796	-3.6e-05	0.864639217402207
-0.796	-3e-05	0.833102133188002
-0.796	-2.4e-05	0.789958106863564
-0.796	-1.8e-05	0.742401076416325
-0.796	-1.2e-05	0.710748572048465
-0.796	-5.99999999999998e-06	0.718990522994059
-0.796	0	0.751780996325548
-0.796	5.99999999999998e-06	0.803161329454348
-0.796	1.2e-05	0.84866862443722
-0.796	1.8e-05	0.87310811458712
-0.796	2.4e-05	0.870188921671444
-0.796	3e-05	0.823965916873395
-0.796	3.6e-05	0.763201638577658
-0.796	4.2e-05	0.72923058099848
-0.796	4.8e-05	0.728789070574593
-0.796	5.4e-05	0.751446286690918
-0.796	6e-05	0.776929808349474
-0.796	6.6e-05	0.778261208841825
-0.796	7.2e-05	0.773666105163523
-0.796	7.8e-05	0.799075334399626
-0.796	8.4e-05	0.856709880876321
-0.796	9e-05	0.935117862697925
-0.796	9.6e-05	1.00908825128516
-0.796	0.000102	1.05164476375991
-0.796	0.000108	1.06370516080697
-0.796	0.000114	1.04969863514945
-0.796	0.00012	1.02240330624321
-0.796	0.000126	1.01057777471419
-0.796	0.000132	1.00515985414984
-0.796	0.000138	0.999449226742177
-0.796	0.000144	1.00547732512615
-0.796	0.00015	1.0073319227028
-0.796	0.000156	1.00060745330154
-0.796	0.000162	0.998400732457497
-0.796	0.000168	0.991829660696516
-0.796	0.000174	0.987262733869186
-0.796	0.00018	1.00117702843073
-0.796	0.000186	1.02478381355997
-0.796	0.000192	1.04775784437514
-0.796	0.000198	1.06453777832867
-0.796	0.000204	1.06915082070398
-0.796	0.00021	1.06635457339314
-0.796	0.000216	1.04489483016348
-0.796	0.000222	1.01251042745062
-0.796	0.000228	0.993598677591742
-0.796	0.000234	0.981254411777928
-0.796	0.00024	0.968048214010958
-0.796	0.000246	0.957590747905972
-0.796	0.000252	0.95124719116281
-0.796	0.000258	0.942418645212351
-0.796	0.000264	0.938624131921491
-0.796	0.00027	0.934654257059117
-0.796	0.000276	0.922757495829767
-0.796	0.000282	0.919219899534135
-0.796	0.000288	0.916843154954708
-0.796	0.000294	0.91099496846422
-0.796	0.0003	0.903497122943931

-0.797	-0.0003	1.09426358035944
-0.797	-0.000294	1.09616385594228
-0.797	-0.000288	1.10406125285637
-0.797	-0.000282	1.11005452395133
-0.797	-0.000276	1.12084101181197
-0.797	-0.00027	1.12903724099015
-0.797	-0.000264	1.13015136461864
-0.797	-0.000258	1.13975389922786
-0.797	-0.000252	1.14294576017376
-0.797	-0.000246	1.14308296923724
-0.797	-0.00024	1.13928259306948
-0.797	-0.000234	1.13129173997995
-0.797	-0.000228	1.12997994078238
-0.797	-0.000222	1.12075560615197
-0.797	-0.000216	1.1094643849448
-0.797	-0.00021	1.11213541146634
-0.797	-0.000204	1.114292429023
-0.797	-0.000198	1.11858808792097
-0.797	-0.000192	1.13810187753811
-0.797	-0.000186	1.15449092317648
-0.797	-0.00018	1.16679222363991
-0.797	-0.000174	1.18530573465992
-0.797	-0.000168	1.19603980655388
-0.797	-0.000162	1.18846040565686
-0.797	-0.000156	1.17100903981696
-0.797	-0.00015	1.15720964034482
-0.797	-0.000144	1.15970530527136
-0.797	-0.000138	1.16097247652077
-0.797	-0.000132	1.14917485934583
-0.797	-0.000126	1.12733280333372
-0.797	-0.00012	1.08207524984378
-0.797	-0.000114	1.01802959218545
-0.797	-0.000108	0.966534101446868
-0.797	-0.000102	0.937427052815396
-0.797	-9.6e-05	0.928134288686401
-0.797	-9e-05	0.938237093842629
-0.797	-8.4e-05	0.935673699432713
-0.797	-7.8e-05	0.901856214515228
-0.797	-7.2e-05	0.854244667938246
-0.797	-6.6e-05	0.815891933284844
-0.797	-6e-05	0.809514249291357
-0.797	-5.4e-05	0.837277996655266
-0.797	-4.8e-05	0.883240584241138
-0.797	-4.2e-05	0.932571794445298
-0.797	-3.6e-05	0.948360462876202
-0.797	-3e-05	0.929141830261297
-0.797	-2.4e-05	0.902931485573497
-0.797	-1.8e-05	0.878879295999351
-0.797	-1.2e-05	0.859133791061776
-0.797	-5.99999999999998e-06	0.85324500188085
-0.797	0	0.869534728443398
-0.797	5.99999999999998e-06	0.894576783415803
-0.797	1.2e-05	0.925243272621699
-0.797	1.8e-05	0.93682667563142
-0.797	2.4e-05	0.90348084686817
-0.797	3e-05	0.852337129377633
-0.797	3.6e-05	0.796567506177491
-0.797	4.2e-05	0.762822738536676
-0.797	4.8e-05	0.765082400388172
-0.797	5.4e-05	0.788191715125177
-0.797	6e-05	0.816791405229798
-0.797	6.6e-05	0.8313297035513
-0.797	7.2e-05	0.833163912248535
-0.797	7.8e-05	0.85383120312863
-0.797	8.4e-05	0.905330544127
-0.797	9e-05	0.974390020633901
-0.797	9.6e-05	1.05323404378307
-0.797	0.000102	1.10476759955421
-0.797	0.000108	1.11542746652469
-0.797	0.000114	1.08547589959631
-0.797	0.00012	1.04202875325318
-0.797	0.000126	1.0047255629425
-0.797	0.000132	0.986400714393577
-0.797	0.000138	0.978793136622092
-0.797	0.000144	0.977445810073326
-0.797	0.00015	0.977925604288931
-0.797	0.000156	0.965128496054518
-0.797	0.000162	0.949158953147569
-0.797	0.000168	0.930855105994305
-0.797	0.000174	0.905795462344228
-0.797	0.00018	0.89269120880992
-0.797	0.000186	0.89792667982291
-0.797	0.000192	0.908167569102724
-0.797	0.000198	0.922769309106015
-0.797	0.000204	0.930391675353424
-0.797	0.00021	0.918587845258746
-0.797	0.000216	0.900541265096566
-0.797	0.000222	0.886516625744101
-0.797	0.000228	0.87634871626134
-0.797	0.000234	0.868532087186326
-0.797	0.00024	0.872311024416627
-0.797	0.000246	0.883330365178206
-0.797	0.000252	0.878922523870119
-0.797	0.000258	0.8752661822253
-0.797	0.000264	0.879763979468382
-0.797	0.00027	0.872719588931909
-0.797	0.000276	0.864993440809166
-0.797	0.000282	0.86407944290867
-0.797	0.000288	0.857064716823008
-0.797	0.000294	0.854031066336241
-0.797	0.0003	0.860328595030377

-0.798	-0.0003	1.08471801201538
-0.798	-0.000294	1.08425624399576
-0.798	-0.000288	1.08578470749397
-0.798	-0.000282	1.09561186946728
-0.798	-0.000276	1.10989421335263
-0.798	-0.00027	1.11736738223889
-0.798	-0.000264	1.1112613161941
-0.798	-0.000258	1.10819152581641
-0.798	-0.000252	1.11351170242723
-0.798	-0.000246	1.10838640120723
-0.798	-0.00024	1.09731796972148
-0.798	-0.000234	1.09509374772222
-0.798	-0.000228	1.08754077355595
-0.798	-0.000222	1.07518609456676
-0.798	-0.000216	1.07367381962185
-0.798	-0.00021	1.07464749646681
-0.798	-0.000204	1.07514811705665
-0.798	-0.000198	1.08862435767352
-0.798	-0.000192	1.10582081915879
-0.798	-0.000186	1.13194820836898
-0.798	-0.00018	1.15340191370032
-0.798	-0.000174	1.16935754316797
-0.798	-0.000168	1.18452395800611
-0.798	-0.000162	1.17605296065814
-0.798	-0.000156	1.16080376536381
-0.798	-0.00015	1.15953563155532
-0.798	-0.000144	1.15460135546637
-0.798	-0.000138	1.14680879046216
-0.798	-0.000132	1.14350982244539
-0.798	-0.000126	1.11957235296272
-0.798	-0.00012	1.07736210085498
-0.798	-0.000114	1.04062402292094
-0.798	-0.000108	1.00500575647087
-0.798	-0.000102	0.983607879824205
-0.798	-9.6e-05	0.987901701102999
-0.798	-9e-05	0.998551854936788
-0.798	-8.4e-05	0.986891446825321
-0.798	-7.8e-05	0.946492826967336
-0.798	-7.2e-05	0.903932901751113
-0.798	-6.6e-05	0.867911671165767
-0.798	-6e-05	0.856026460692284
-0.798	-5.4e-05	0.888078253957055
-0.798	-4.8e-05	0.94192598763897
-0.798	-4.2e-05	0.992015872985205
-0.798	-3.6e-05	1.02578059194015
-0.798	-3e-05	1.02502077921758
-0.798	-2.4e-05	1.00003927824974
-0.798	-1.8e-05	0.976207603259518
-0.798	-1.2e-05	0.954421813473875
-0.798	-5.99999999999998e-06	0.943358982344637
-0.798	0	0.953208458292019
-0.798	5.99999999999998e-06	0.972458067959646
-0.798	1.2e-05	0.997492772455317
-0.798	1.8e-05	0.996333845857259
-0.798	2.4e-05	0.952800506316465
-0.798	3e-05	0.895031200958694
-0.798	3.6e-05	0.83582680075569
-0.798	4.2e-05	0.794324470444592
-0.798	4.8e-05	0.796316539581614
-0.798	5.4e-05	0.824254248439653
-0.798	6e-05	0.852692927906883
-0.798	6.6e-05	0.877705843445752
-0.798	7.2e-05	0.88805025210401
-0.798	7.8e-05	0.899476932254435
-0.798	8.4e-05	0.943801761609207
-0.798	9e-05	1.01339196069856
-0.798	9.6e-05	1.07873130385951
-0.798	0.000102	1.11510133249323
-0.798	0.000108	1.11580242880692
-0.798	0.000114	1.09278228246725
-0.798	0.00012	1.04784753781324
-0.798	0.000126	0.996154283983123
-0.798	0.000132	0.968987851104551
-0.798	0.000138	0.960505740542517
-0.798	0.000144	0.949283473898178
-0.798	0.00015	0.938434244370945
-0.798	0.000156	0.920215977875618
-0.798	0.000162	0.886634408534214
-0.798	0.000168	0.852548980882909
-0.798	0.000174	0.82269043258817
-0.798	0.00018	0.799203355367185
-0.798	0.000186	0.796041858934277
-0.798	0.000192	0.803729416983694
-0.798	0.000198	0.811309430443935
-0.798	0.000204	0.809884486277184
-0.798	0.00021	0.796335090818359
-0.798	0.000216	0.785881999990432
-0.798	0.000222	0.780809377234018
-0.798	0.000228	0.774662446001898
-0.798	0.000234	0.780402125320645
-0.798	0.00024	0.796320389841399
-0.798	0.000246	0.805147885733819
-0.798	0.000252	0.815070341478255
-0.798	0.000258	0.824334228717585
-0.798	0.000264	0.820048107958361
-0.798	0.00027	0.817422671944041
-0.798	0.000276	0.820590906337445
-0.798	0.000282	0.814894454865977
-0.798	0.000288	0.80791936888819
-0.798	0.000294	0.802915525696676
-0.798	0.0003	0.804069989495221

-0.799	-0.0003	1.0152128685432
-0.799	-0.000294	1.01484088146064
-0.799	-0.000288	1.01756441144784
-0.799	-0.000282	1.02711505513114
-0.799	-0.000276	1.03761119880841
-0.799	-0.00027	1.03469944386844
-0.799	-0.000264	1.03331090211299
-0.799	-0.000258	1.03138927511515
-0.799	-0.000252	1.01646787647353
-0.799	-0.000246	1.00341262618793
-0.799	-0.00024	0.988056411321694
-0.799	-0.000234	0.973378803797148
-0.799	-0.000228	0.964170220225216
-0.799	-0.000222	0.948579314838867
-0.799	-0.000216	0.938227293206982
-0.799	-0.00021	0.939214270928021
-0.799	-0.000204	0.939982396686395
-0.799	-0.000198	0.943605311119582
-0.799	-0.000192	0.962976203817761
-0.799	-0.000186	0.98860165985969
-0.799	-0.00018	1.01893623960921
-0.799	-0.000174	1.05151735533207
-0.799	-0.000168	1.05998528995791
-0.799	-0.000162	1.05479995977412
-0.799	-0.000156	1.05251772145165
-0.799	-0.00015	1.0432181318632
-0.799	-0.000144	1.04234954944851
-0.799	-0.000138	1.04869538132917
-0.799	-0.000132	1.05168466638816
-0.799	-0.000126	1.04516583557245
-0.799	-0.00012	1.01482093014652
-0.799	-0.000114	0.975731396783316
-0.799	-0.000108	0.956313075958728
-0.799	-0.000102	0.950647951559325
-0.799	-9.6e-05	0.950687241647855
-0.799	-9e-05	0.948230516790496
-0.799	-8.4e-05	0.930699520715501
-0.799	-7.8e-05	0.894024621942872
-0.799	-7.2e-05	0.857177161753497
-0.799	-6.6e-05	0.830917726318033
-0.799	-6e-05	0.830607255799116
-0.799	-5.4e-05	0.852639899400468
-0.799	-4.8e-05	0.897806971891159
-0.799	-4.2e-05	0.956775631539498
-0.799	-3.6e-05	0.991171792206612
-0.799	-3e-05	0.989656367064102
-0.799	-2.4e-05	0.974728055464062
-0.799	-1.8e-05	0.950317617225245
-0.799	-1.2e-05	0.93116863921186
-0.799	-5.99999999999998e-06	0.934637980983355
-0.799	0	0.943960584608069
-0.799	5.99999999999998e-06	0.955193264451271
-0.799	1.2e-05	0.974351518083028
-0.799	1.8e-05	0.968867880675909
-0.799	2.4e-05	0.932032933824963
-0.799	3e-05	0.875512511000246
-0.799	3.6e-05	0.821208784676638
-0.799	4.2e-05	0.789811009641987
-0.799	4.8e-05	0.783460277443507
-0.799	5.4e-05	0.799810470488168
-0.799	6e-05	0.828995749300842
-0.799	6.6e-05	0.849690254449346
-0.799	7.2e-05	0.86270017674811
-0.799	7.8e-05	0.890418158583375
-0.799	8.4e-05	0.931652283663762
-0.799	9e-05	0.981589033890104
-0.799	9.6e-05	1.04038460708093
-0.799	0.000102	1.0709585151715
-0.799	0.000108	1.06039954235216
-0.799	0.000114	1.02631481473955
-0.799	0.00012	0.972584076286603
-0.799	0.000126	0.917333362369178
-0.799	0.000132	0.889702448791687
-0.799	0.000138	0.870766459840581
-0.799	0.000144	0.859278438124442
-0.799	0.00015	0.846685218355352
-0.799	0.000156	0.817476838030947
-0.799	0.000162	0.784420653412375
-0.799	0.000168	0.750823158014556
-0.799	0.000174	0.719901895737715
-0.799	0.00018	0.705810664458879
-0.799	0.000186	0.699173613334743
-0.799	0.000192	0.695101925499897
-0.799	0.000198	0.697898172787255
-0.799	0.000204	0.695771869762941
-0.799	0.00021	0.684450984104962
-0.799	0.000216	0.678478889403593
-0.799	0.000222	0.679892720356277
-0.799	0.000228	0.685064224623224
-0.799	0.000234	0.697593258887117
-0.799	0.00024	0.715702405694466
-0.799	0.000246	0.73319428670235
-0.799	0.000252	0.743924114555951
-0.799	0.000258	0.743522813041929
-0.799	0.000264	0.743835908741175
-0.799	0.00027	0.746583590321631
-0.799	0.000276	0.742784789276166
-0.799	0.000282	0.741096365175109
-0.799	0.000288	0.742296069461534
-0.799	0.000294	0.736531450988381
-0.799	0.0003	0.732436355360195

-0.8	-0.0003	0.899032402893135
-0.8	-0.000294	0.901075400397006
-0.8	-0.000288	0.905519119075636
-0.8	-0.000282	0.906681283393751
-0.8	-0.000276	0.907379054511912
-0.8	-0.00027	0.909640641458066
-0.8	-0.000264	0.905821276558743
-0.8	-0.000258	0.901339842890386
-0.8	-0.000252	0.890679713376043
-0.8	-0.000246	0.867952448877624
-0.8	-0.00024	0.851288547593989
-0.8	-0.000234	0.8349175281516
-0.8	-0.000228	0.810631610639903
-0.8	-0.000222	0.792004604607875
-0.8	-0.000216	0.789919691835145
-0.8	-0.00021	0.786237623498264
-0.8	-0.000204	0.781284008611418
-0.8	-0.000198	0.78546092216021
-0.8	-0.000192	0.789083836593397
-0.8	-0.000186	0.811476303958223
-0.8	-0.00018	0.844559877890112
-0.8	-0.000174	0.876987683495153
-0.8	-0.000168	0.898845840561611
-0.8	-0.000162	0.896703961500227
-0.8	-0.000156	0.888697357352214
-0.8	-0.00015	0.884533657180544
-0.8	-0.000144	0.877278290198905
-0.8	-0.000138	0.877838589733206
-0.8	-0.000132	0.888277329603519
-0.8	-0.000126	0.88693542841334
-0.8	-0.00012	0.877611512210207
-0.8	-0.000114	0.863497704460402
-0.8	-0.000108	0.843864119412553
-0.8	-0.000102	0.837190140836346
-0.8	-9.6e-05	0.840970740687903
-0.8	-9e-05	0.833111233784956
-0.8	-8.4e-05	0.812571176334764
-0.8	-7.8e-05	0.787867768732247
-0.8	-7.2e-05	0.766840654088678
-0.8	-6.6e-05	0.762639588946627
-0.8	-6e-05	0.773889157405318
-0.8	-5.4e-05	0.80141182633145
-0.8	-4.8e-05	0.845646962248119
-0.8	-4.2e-05	0.876385556190957
-0.8	-3.6e-05	0.883820835089567
-0.8	-3e-05	0.874923159554862
-0.8	-2.4e-05	0.847659857759379
-0.8	-1.8e-05	0.820908989853478
-0.8	-1.2e-05	0.817721766728509
-0.8	-5.99999999999998e-06	0.830323212034443
-0.8	0	0.854056705529338
-0.8	5.99999999999998e-06	0.882031779357759
-0.8	1.2e-05	0.905574510241998
-0.8	1.8e-05	0.904653336862695
-0.8	2.4e-05	0.860116393505756
-0.8	3e-05	0.793023084422398
-0.8	3.6e-05	0.743020267333937
-0.8	4.2e-05	0.722796718300976
-0.8	4.8e-05	0.72214440642985
-0.8	5.4e-05	0.735156647650824
-0.8	6e-05	0.750242644645744
-0.8	6.6e-05	0.764526126111584
-0.8	7.2e-05	0.787845192237789
-0.8	7.8e-05	0.816835945678986
-0.8	8.4e-05	0.859168618374282
-0.8	9e-05	0.92026874386165
-0.8	9.6e-05	0.952349851534396
-0.8	0.000102	0.953253961300281
-0.8	0.000108	0.92246478898645
-0.8	0.000114	0.875106834185675
-0.8	0.00012	0.824171993000738
-0.8	0.000126	0.778349152159709
-0.8	0.000132	0.743957629290037
-0.8	0.000138	0.731562085090028
-0.8	0.000144	0.724071152528163
-0.8	0.00015	0.7172534019494
-0.8	0.000156	0.703330619307143
-0.8	0.000162	0.680422917897968
-0.8	0.000168	0.660109325407557
-0.8	0.000174	0.630958436365589
-0.8	0.00018	0.612921088060554
-0.8	0.000186	0.614600367803429
-0.8	0.000192	0.619655489381137
-0.8	0.000198	0.616117324307004
-0.8	0.000204	0.60916096456389
-0.8	0.00021	0.607893530817581
-0.8	0.000216	0.612922838180774
-0.8	0.000222	0.61792256861561
-0.8	0.000228	0.625415251274204
-0.8	0.000234	0.645563764108284
-0.8	0.00024	0.666986579909359
-0.8	0.000246	0.677056132875373
-0.8	0.000252	0.686107424809508
-0.8	0.000258	0.700718615452589
-0.8	0.000264	0.706027328783014
-0.8	0.00027	0.700207581663881
-0.8	0.000276	0.699602304162082
-0.8	0.000282	0.703460390394922
-0.8	0.000288	0.695881208257054
-0.8	0.000294	0.692956152440992
-0.8	0.0003	0.69687724283731

-0.801	-0.0003	0.784882596429928
-0.801	-0.000294	0.784709247475525
-0.801	-0.000288	0.795350475733777
-0.801	-0.000282	0.795850483783894
-0.801	-0.000276	0.797051238151846
-0.801	-0.00027	0.800964759288785
-0.801	-0.000264	0.792460334729185
-0.801	-0.000258	0.776954047465188
-0.801	-0.000252	0.764550890244572
-0.801	-0.000246	0.753564976718115
-0.801	-0.00024	0.73377016225023
-0.801	-0.000234	0.710829164889614
-0.801	-0.000228	0.696230750105344
-0.801	-0.000222	0.682816507331657
-0.801	-0.000216	0.655558412135606
-0.801	-0.00021	0.642519044145187
-0.801	-0.000204	0.642786068034181
-0.801	-0.000198	0.646541378711986
-0.801	-0.000192	0.655000869041825
-0.801	-0.000186	0.669714441435878
-0.801	-0.00018	0.695367024270742
-0.801	-0.000174	0.731698244071977
-0.801	-0.000168	0.758997773257349
-0.801	-0.000162	0.756648067971893
-0.801	-0.000156	0.737597708972149
-0.801	-0.00015	0.718555619270477
-0.801	-0.000144	0.713054174426532
-0.801	-0.000138	0.718636649606447
-0.801	-0.000132	0.727090889599117
-0.801	-0.000126	0.734490728622004
-0.801	-0.00012	0.729674672841471
-0.801	-0.000114	0.716383550717519
-0.801	-0.000108	0.718118440362422
-0.801	-0.000102	0.730006582274353
-0.801	-9.6e-05	0.734254638024504
-0.801	-9e-05	0.73031718405346
-0.801	-8.4e-05	0.706100483624974
-0.801	-7.8e-05	0.668604168067176
-0.801	-7.2e-05	0.654306860684486
-0.801	-6.6e-05	0.667177430018979
-0.801	-6e-05	0.698939622876809
-0.801	-5.4e-05	0.750552152605586
-0.801	-4.8e-05	0.810765669505776
-0.801	-4.2e-05	0.84896710665847
-0.801	-3.6e-05	0.841635872155577
-0.801	-3e-05	0.801956812349065
-0.801	-2.4e-05	0.750295585653195
-0.801	-1.8e-05	0.706581852939382
-0.801	-1.2e-05	0.694662646475766
-0.801	-5.99999999999998e-06	0.709718235219956
-0.801	0	0.736021379782237
-0.801	5.99999999999998e-06	0.774515436279284
-0.801	1.2e-05	0.806996182891775
-0.801	1.8e-05	0.812054979707851
-0.801	2.4e-05	0.786066724702773
-0.801	3e-05	0.737920605307042
-0.801	3.6e-05	0.694093902621975
-0.801	4.2e-05	0.667370336530427
-0.801	4.8e-05	0.657471901095571
-0.801	5.4e-05	0.666844076747486
-0.801	6e-05	0.682915170106524
-0.801	6.6e-05	0.697114952294838
-0.801	7.2e-05	0.724993419726731
-0.801	7.8e-05	0.762619200090699
-0.801	8.4e-05	0.796258523258412
-0.801	9e-05	0.827502813130336
-0.801	9.6e-05	0.836153722348296
-0.801	0.000102	0.80845044148999
-0.801	0.000108	0.761052759058886
-0.801	0.000114	0.714551179615978
-0.801	0.00012	0.674579412942659
-0.801	0.000126	0.648090187328391
-0.801	0.000132	0.630656366404935
-0.801	0.000138	0.628631045054209
-0.801	0.000144	0.638869702957757
-0.801	0.00015	0.633219585816923
-0.801	0.000156	0.617285964041744
-0.801	0.000162	0.603674264458131
-0.801	0.000168	0.586394934994215
-0.801	0.000174	0.577649957061092
-0.801	0.00018	0.571540522059544
-0.801	0.000186	0.561273512283605
-0.801	0.000192	0.559202862922546
-0.801	0.000198	0.556746619344724
-0.801	0.000204	0.553851359263153
-0.801	0.00021	0.562772486352426
-0.801	0.000216	0.572747883104312
-0.801	0.000222	0.578427533459256
-0.801	0.000228	0.595196791693538
-0.801	0.000234	0.612076569763652
-0.801	0.00024	0.631087113634103
-0.801	0.000246	0.658548659753677
-0.801	0.000252	0.668747283768777
-0.801	0.000258	0.669161404879348
-0.801	0.000264	0.681228277366532
-0.801	0.00027	0.685769827497656
-0.801	0.000276	0.676623198031165
-0.801	0.000282	0.679716352440972
-0.801	0.000288	0.679527339950536
-0.801	0.000294	0.671813617667257
-0.801	0.0003	0.678327110623347

-0.802	-0.0003	0.680144430728583
-0.802	-0.000294	0.679891539014558
-0.802	-0.000288	0.685749919944755
-0.802	-0.000282	0.695869569978734
-0.802	-0.000276	0.699295683902951
-0.802	-0.00027	0.698456109661609
-0.802	-0.000264	0.697265112215055
-0.802	-0.000258	0.686678750082401
-0.802	-0.000252	0.670105986051991
-0.802	-0.000246	0.6585257770011
-0.802	-0.00024	0.640845583541472
-0.802	-0.000234	0.61557960126716
-0.802	-0.000228	0.595979137149334
-0.802	-0.000222	0.576184103945784
-0.802	-0.000216	0.557855405137078
-0.802	-0.00021	0.548785080686662
-0.802	-0.000204	0.54244791188465
-0.802	-0.000198	0.538566286598279
-0.802	-0.000192	0.543180904072399
-0.802	-0.000186	0.562120349502718
-0.802	-0.00018	0.595264958718712
-0.802	-0.000174	0.622173555804209
-0.802	-0.000168	0.636118521136861
-0.802	-0.000162	0.635825901815998
-0.802	-0.000156	0.616301436479617
-0.802	-0.00015	0.592382386950009
-0.802	-0.000144	0.583316656559296
-0.802	-0.000138	0.581497411335913
-0.802	-0.000132	0.582744106230437
-0.802	-0.000126	0.586046005685653
-0.802	-0.00012	0.574287109820736
-0.802	-0.000114	0.564044951676749
-0.802	-0.000108	0.573000468536728
-0.802	-0.000102	0.595218974430913
-0.802	-9.6e-05	0.619820481538505
-0.802	-9e-05	0.62524045848119
-0.802	-8.4e-05	0.603916261717245
-0.802	-7.8e-05	0.575828742958334
-0.802	-7.2e-05	0.551664064715962
-0.802	-6.6e-05	0.552882845256405
-0.802	-6e-05	0.598947552072866
-0.802	-5.4e-05	0.664020921402858
-0.802	-4.8e-05	0.720353425579894
-0.802	-4.2e-05	0.752671805191858
-0.802	-3.6e-05	0.741866766094467
-0.802	-3e-05	0.699384458519718
-0.802	-2.4e-05	0.669325784496987
-0.802	-1.8e-05	0.656063539262701
-0.802	-1.2e-05	0.64964722148164
-0.802	-5.99999999999998e-06	0.652854395944228
-0.802	0	0.659529687098855
-0.802	5.99999999999998e-06	0.676188206785129
-0.802	1.2e-05	0.708799949517876
-0.802	1.8e-05	0.742342272531977
-0.802	2.4e-05	0.735361323677293
-0.802	3e-05	0.689032436887833
-0.802	3.6e-05	0.637925559326914
-0.802	4.2e-05	0.599884651508584
-0.802	4.8e-05	0.583901195209311
-0.802	5.4e-05	0.592100880843211
-0.802	6e-05	0.603754638516636
-0.802	6.6e-05	0.617200295884843
-0.802	7.2e-05	0.640242799959811
-0.802	7.8e-05	0.661053687821045
-0.802	8.4e-05	0.675209892119245
-0.802	9e-05	0.690217483935036
-0.802	9.6e-05	0.686745341985283
-0.802	0.000102	0.659864877989532
-0.802	0.000108	0.623932815825016
-0.802	0.000114	0.584933938458993
-0.802	0.00012	0.552050315233678
-0.802	0.000126	0.534056501057531
-0.802	0.000132	0.529488436649709
-0.802	0.000138	0.537389552586885
-0.802	0.000144	0.544343068367025
-0.802	0.00015	0.546499998424713
-0.802	0.000156	0.547923148733507
-0.802	0.000162	0.535824074114146
-0.802	0.000168	0.511624568559268
-0.802	0.000174	0.496815658632859
-0.802	0.00018	0.488162955533452
-0.802	0.000186	0.483952964815864
-0.802	0.000192	0.487394698514887
-0.802	0.000198	0.492695842609422
-0.802	0.000204	0.49921532972609
-0.802	0.00021	0.49768332222621
-0.802	0.000216	0.51271462811695
-0.802	0.000222	0.538649154576922
-0.802	0.000228	0.559969938622882
-0.802	0.000234	0.57631479383141
-0.802	0.00024	0.5940964939819
-0.802	0.000246	0.620124082860223
-0.802	0.000252	0.634991052871061
-0.802	0.000258	0.636259886741733
-0.802	0.000264	0.643022902431599
-0.802	0.00027	0.643885709468354
-0.802	0.000276	0.641843674500067
-0.802	0.000282	0.645469914152276
-0.802	0.000288	0.643770595596308
-0.802	0.000294	0.645921268996526
-0.802	0.0003	0.648668906815756

-0.803	-0.0003	0.590591318577598
-0.803	-0.000294	0.588795699906711
-0.803	-0.000288	0.587640404809283
-0.803	-0.000282	0.595165070864389
-0.803	-0.000276	0.599780344615975
-0.803	-0.00027	0.602030293307299
-0.803	-0.000264	0.604726346505704
-0.803	-0.000258	0.597468485580437
-0.803	-0.000252	0.588480722850544
-0.803	-0.000246	0.573780757614186
-0.803	-0.00024	0.554972483349029
-0.803	-0.000234	0.534288697657508
-0.803	-0.000228	0.508644646641097
-0.803	-0.000222	0.489184410547651
-0.803	-0.000216	0.47885299650736
-0.803	-0.00021	0.467325115900701
-0.803	-0.000204	0.461072127655753
-0.803	-0.000198	0.462011677250382
-0.803	-0.000192	0.464875347739505
-0.803	-0.000186	0.481456074786377
-0.803	-0.00018	0.507114739280783
-0.803	-0.000174	0.528562187954655
-0.803	-0.000168	0.541051275829064
-0.803	-0.000162	0.538429865072457
-0.803	-0.000156	0.519095637329458
-0.803	-0.00015	0.498535628541647
-0.803	-0.000144	0.487434119863607
-0.803	-0.000138	0.487976568223346
-0.803	-0.000132	0.493757156490651
-0.803	-0.000126	0.487690730577226
-0.803	-0.00012	0.472381768839474
-0.803	-0.000114	0.462696366251612
-0.803	-0.000108	0.465726253977558
-0.803	-0.000102	0.49251549319763
-0.803	-9.6e-05	0.534980255855936
-0.803	-9e-05	0.55752270814305
-0.803	-8.4e-05	0.550961918297252
-0.803	-7.8e-05	0.533849987411878
-0.803	-7.2e-05	0.515120074588114
-0.803	-6.6e-05	0.504064506436646
-0.803	-6e-05	0.504113247164965
-0.803	-5.4e-05	0.507594883515735
-0.803	-4.8e-05	0.521412484181783
-0.803	-4.2e-05	0.544839357417547
-0.803	-3.6e-05	0.569416450434987
-0.803	-3e-05	0.585150209002556
-0.803	-2.4e-05	0.577017684026549
-0.803	-1.8e-05	0.562366503256246
-0.803	-1.2e-05	0.563635949666646
-0.803	-5.99999999999998e-06	0.571437090227045
-0.803	0	0.580039521237068
-0.803	5.99999999999998e-06	0.59272317822069
-0.803	1.2e-05	0.598657251650723
-0.803	1.8e-05	0.59152719293386
-0.803	2.4e-05	0.583660641812298
-0.803	3e-05	0.569686624545073
-0.803	3.6e-05	0.549261418423055
-0.803	4.2e-05	0.53208797095055
-0.803	4.8e-05	0.52470112652214
-0.803	5.4e-05	0.531165616253019
-0.803	6e-05	0.542127815728016
-0.803	6.6e-05	0.552705208523907
-0.803	7.2e-05	0.567200366473605
-0.803	7.8e-05	0.576030137503519
-0.803	8.4e-05	0.570428979850159
-0.803	9e-05	0.559206450661949
-0.803	9.6e-05	0.541684030143144
-0.803	0.000102	0.515299461440832
-0.803	0.000108	0.492600111273003
-0.803	0.000114	0.472687382778304
-0.803	0.00012	0.455215365585585
-0.803	0.000126	0.449230363812193
-0.803	0.000132	0.450515036193336
-0.803	0.000138	0.459651033725298
-0.803	0.000144	0.468150251685466
-0.803	0.00015	0.467630073562067
-0.803	0.000156	0.459314136475628
-0.803	0.000162	0.442168822116359
-0.803	0.000168	0.419079327433292
-0.803	0.000174	0.403839145236951
-0.803	0.00018	0.397603658147219
-0.803	0.000186	0.395707320323126
-0.803	0.000192	0.402550403813378
-0.803	0.000198	0.414224944099814
-0.803	0.000204	0.426544445780641
-0.803	0.00021	0.443515536125397
-0.803	0.000216	0.463985457694531
-0.803	0.000222	0.485484097255634
-0.803	0.000228	0.509600341051296
-0.803	0.000234	0.530317510193223
-0.803	0.00024	0.549747425534904
-0.803	0.000246	0.566162197865335
-0.803	0.000252	0.573513558703775
-0.803	0.000258	0.580988390187806
-0.803	0.000264	0.586589722886074
-0.803	0.00027	0.585156815679372
-0.803	0.000276	0.588450708356898
-0.803	0.000282	0.59255822982455
-0.803	0.000288	0.589725930145231
-0.803	0.000294	0.590615338934157
-0.803	0.0003	0.594180937059344

-0.804	-0.0003	0.543516838762995
-0.804	-0.000294	0.541994631922252
-0.804	-0.000288	0.543174428632285
-0.804	-0.000282	0.549481539226403
-0.804	-0.000276	0.553448657648257
-0.804	-0.00027	0.55537947274202
-0.804	-0.000264	0.556204652288012
-0.804	-0.000258	0.550966906137529
-0.804	-0.000252	0.544650519948529
-0.804	-0.000246	0.535428547978057
-0.804	-0.00024	0.518163875729874
-0.804	-0.000234	0.499665721987777
-0.804	-0.000228	0.483068500105989
-0.804	-0.000222	0.464918531849046
-0.804	-0.000216	0.452243144163495
-0.804	-0.00021	0.448285870138513
-0.804	-0.000204	0.444312801317308
-0.804	-0.000198	0.444187186747434
-0.804	-0.000192	0.451004543545624
-0.804	-0.000186	0.465724285098183
-0.804	-0.00018	0.488089844452719
-0.804	-0.000174	0.503849854753113
-0.804	-0.000168	0.510053052211704
-0.804	-0.000162	0.507166586445479
-0.804	-0.000156	0.49121506973451
-0.804	-0.00015	0.472150972340371
-0.804	-0.000144	0.464793398582198
-0.804	-0.000138	0.462193251741629
-0.804	-0.000132	0.457709805432671
-0.804	-0.000126	0.453931743262479
-0.804	-0.00012	0.447910164056362
-0.804	-0.000114	0.448361475139386
-0.804	-0.000108	0.471636525833677
-0.804	-0.000102	0.512186530714825
-0.804	-9.6e-05	0.548364396637012
-0.804	-9e-05	0.577086769849569
-0.804	-8.4e-05	0.587870238749313
-0.804	-7.8e-05	0.584112827931942
-0.804	-7.2e-05	0.564238733248307
-0.804	-6.6e-05	0.523454125369497
-0.804	-6e-05	0.471004209037907
-0.804	-5.4e-05	0.418590345121768
-0.804	-4.8e-05	0.398607611982711
-0.804	-4.2e-05	0.425610146546671
-0.804	-3.6e-05	0.465903890733546
-0.804	-3e-05	0.483862483816615
-0.804	-2.4e-05	0.470299787481703
-0.804	-1.8e-05	0.438362583071705
-0.804	-1.2e-05	0.417362376461916
-0.804	-5.99999999999998e-06	0.432540954572162
-0.804	0	0.461496093163197
-0.804	5.99999999999998e-06	0.484665961928259
-0.804	1.2e-05	0.487492354969454
-0.804	1.8e-05	0.467887428052115
-0.804	2.4e-05	0.44458682566369
-0.804	3e-05	0.437829060310993
-0.804	3.6e-05	0.455604066285703
-0.804	4.2e-05	0.493350779637388
-0.804	4.8e-05	0.528559037733562
-0.804	5.4e-05	0.548020542667691
-0.804	6e-05	0.559893108542554
-0.804	6.6e-05	0.566609527428383
-0.804	7.2e-05	0.567615537665703
-0.804	7.8e-05	0.563449343573895
-0.804	8.4e-05	0.550577767919101
-0.804	9e-05	0.52557404047615
-0.804	9.6e-05	0.497585928292026
-0.804	0.000102	0.470714083613692
-0.804	0.000108	0.454337070034215
-0.804	0.000114	0.446242872611153
-0.804	0.00012	0.443411885510253
-0.804	0.000126	0.451319783145662
-0.804	0.000132	0.461249326869941
-0.804	0.000138	0.465867138302892
-0.804	0.000144	0.467980709229622
-0.804	0.00015	0.460646237006671
-0.804	0.000156	0.437321264242342
-0.804	0.000162	0.410767153084185
-0.804	0.000168	0.38717795663261
-0.804	0.000174	0.362597779047662
-0.804	0.00018	0.3480498769808
-0.804	0.000186	0.346324241061911
-0.804	0.000192	0.351995272099438
-0.804	0.000198	0.362229839091687
-0.804	0.000204	0.38000712022738
-0.804	0.00021	0.403789879467868
-0.804	0.000216	0.42800649239739
-0.804	0.000222	0.456497762852724
-0.804	0.000228	0.482223675527477
-0.804	0.000234	0.501081478058609
-0.804	0.00024	0.520449001753049
-0.804	0.000246	0.536244320645486
-0.804	0.000252	0.541873961454917
-0.804	0.000258	0.54774752461812
-0.804	0.000264	0.554481619657095
-0.804	0.00027	0.553780173300567
-0.804	0.000276	0.555395311299471
-0.804	0.000282	0.56006247600047
-0.804	0.000288	0.558334805572111
-0.804	0.000294	0.55864146956898
-0.804	0.0003	0.556275838250598

-0.805	-0.0003	0.58764132363062
-0.805	-0.000294	0.588506012024296
-0.805	-0.000288	0.592183617561663
-0.805	-0.000282	0.60067500374207
-0.805	-0.000276	0.607051506417327
-0.805	-0.00027	0.612835157383272
-0.805	-0.000264	0.620091530708701
-0.805	-0.000258	0.615159310998084
-0.805	-0.000252	0.609053419951223
-0.805	-0.000246	0.601313227175964
-0.805	-0.00024	0.58914773567514
-0.805	-0.000234	0.578841217051517
-0.805	-0.000228	0.563991179393905
-0.805	-0.000222	0.557457035061505
-0.805	-0.000216	0.5604146430056
-0.805	-0.00021	0.559433571922685
-0.805	-0.000204	0.557264653590821
-0.805	-0.000198	0.561992197274969
-0.805	-0.000192	0.567953441235674
-0.805	-0.000186	0.577885041361781
-0.805	-0.00018	0.595783211700474
-0.805	-0.000174	0.604573211362322
-0.805	-0.000168	0.599918034982479
-0.805	-0.000162	0.589126734302973
-0.805	-0.000156	0.569373135065255
-0.805	-0.00015	0.554639436335655
-0.805	-0.000144	0.546980973958548
-0.805	-0.000138	0.54037231844454
-0.805	-0.000132	0.54282786198367
-0.805	-0.000126	0.548899888277099
-0.805	-0.00012	0.555157558080716
-0.805	-0.000114	0.570720024072221
-0.805	-0.000108	0.588213873959479
-0.805	-0.000102	0.607845271368799
-0.805	-9.6e-05	0.632447916056883
-0.805	-9e-05	0.647677160037085
-0.805	-8.4e-05	0.649492642523137
-0.805	-7.8e-05	0.637309649867095
-0.805	-7.2e-05	0.596141285367217
-0.805	-6.6e-05	0.52425121553999
-0.805	-6e-05	0.456610032761796
-0.805	-5.4e-05	0.408425235817264
-0.805	-4.8e-05	0.395253821601573
-0.805	-4.2e-05	0.404478506227848
-0.805	-3.6e-05	0.420644630884613
-0.805	-3e-05	0.429375607879468
-0.805	-2.4e-05	0.419985406055062
-0.805	-1.8e-05	0.401450062340513
-0.805	-1.2e-05	0.392798540582825
-0.805	-5.99999999999998e-06	0.400289998185453
-0.805	0	0.417130792401667
-0.805	5.99999999999998e-06	0.433428131961331
-0.805	1.2e-05	0.434979171977493
-0.805	1.8e-05	0.417848996113493
-0.805	2.4e-05	0.392860582187229
-0.805	3e-05	0.37871339096353
-0.805	3.6e-05	0.391984824293735
-0.805	4.2e-05	0.431719756569636
-0.805	4.8e-05	0.478630119286982
-0.805	5.4e-05	0.515261833950069
-0.805	6e-05	0.53455690286473
-0.805	6.6e-05	0.549491996163004
-0.805	7.2e-05	0.574087509133508
-0.805	7.8e-05	0.594017038744732
-0.805	8.4e-05	0.599984233104788
-0.805	9e-05	0.59641806615412
-0.805	9.6e-05	0.58325710887503
-0.805	0.000102	0.564389505708252
-0.805	0.000108	0.551578090277452
-0.805	0.000114	0.544265800768387
-0.805	0.00012	0.544545469256
-0.805	0.000126	0.556075581262415
-0.805	0.000132	0.564944861163503
-0.805	0.000138	0.576451477854123
-0.805	0.000144	0.584578752469471
-0.805	0.00015	0.578380980369467
-0.805	0.000156	0.563928393989582
-0.805	0.000162	0.537904917891425
-0.805	0.000168	0.501239163476978
-0.805	0.000174	0.466203554273025
-0.805	0.00018	0.435424488899939
-0.805	0.000186	0.414479498435094
-0.805	0.000192	0.409226832548497
-0.805	0.000198	0.418360948700048
-0.805	0.000204	0.438637219981305
-0.805	0.00021	0.462956652203598
-0.805	0.000216	0.485476440497291
-0.805	0.000222	0.510856092781548
-0.805	0.000228	0.537672415033329
-0.805	0.000234	0.555485923535422
-0.805	0.00024	0.569179528515115
-0.805	0.000246	0.581311374045152
-0.805	0.000252	0.585732734988479
-0.805	0.000258	0.586342869070364
-0.805	0.000264	0.590416219502976
-0.805	0.00027	0.587013250875208
-0.805	0.000276	0.582700703361741
-0.805	0.000282	0.585114112849367
-0.805	0.000288	0.581609768767439
-0.805	0.000294	0.578545753767679
-0.805	0.0003	0.576640534105786

-0.806	-0.0003	0.774223079478802
-0.806	-0.000294	0.775570318505114
-0.806	-0.000288	0.782064122667458
-0.806	-0.000282	0.79825575523364
-0.806	-0.000276	0.810243872522348
-0.806	-0.00027	0.81350932582852
-0.806	-0.000264	0.820956417979888
-0.806	-0.000258	0.824491301596227
-0.806	-0.000252	0.816948828127786
-0.806	-0.000246	0.818164283472697
-0.806	-0.00024	0.820048370478743
-0.806	-0.000234	0.815158197297175
-0.806	-0.000228	0.822538172528388
-0.806	-0.000222	0.825774923942822
-0.806	-0.000216	0.820603769671731
-0.806	-0.00021	0.826897710649954
-0.806	-0.000204	0.829767637796547
-0.806	-0.000198	0.8237061997234
-0.806	-0.000192	0.827070622062558
-0.806	-0.000186	0.826688046783208
-0.806	-0.00018	0.829906159461934
-0.806	-0.000174	0.827983132363216
-0.806	-0.000168	0.80740719754248
-0.806	-0.000162	0.78168706024566
-0.806	-0.000156	0.753930488360558
-0.806	-0.00015	0.726166128480411
-0.806	-0.000144	0.703891487643435
-0.806	-0.000138	0.692348337257827
-0.806	-0.000132	0.678607654171071
-0.806	-0.000126	0.670184741273957
-0.806	-0.00012	0.670302305281425
-0.806	-0.000114	0.6684491953281
-0.806	-0.000108	0.671296764762879
-0.806	-0.000102	0.67900812438621
-0.806	-9.6e-05	0.685028653534289
-0.806	-9e-05	0.692373757691769
-0.806	-8.4e-05	0.690029609025091
-0.806	-7.8e-05	0.670543252459011
-0.806	-7.2e-05	0.62671864991351
-0.806	-6.6e-05	0.56151607829773
-0.806	-6e-05	0.49610331779793
-0.806	-5.4e-05	0.448956995743276
-0.806	-4.8e-05	0.422486190082072
-0.806	-4.2e-05	0.419050056739564
-0.806	-3.6e-05	0.423449278730233
-0.806	-3e-05	0.425784676819302
-0.806	-2.4e-05	0.427333485435707
-0.806	-1.8e-05	0.427927868459105
-0.806	-1.2e-05	0.427109908153147
-0.806	-5.99999999999998e-06	0.429944220473068
-0.806	0	0.433633858069328
-0.806	5.99999999999998e-06	0.432720866465644
-0.806	1.2e-05	0.425126852090626
-0.806	1.8e-05	0.410290071571363
-0.806	2.4e-05	0.397577187631749
-0.806	3e-05	0.396854783640792
-0.806	3.6e-05	0.412825289106815
-0.806	4.2e-05	0.446789389989831
-0.806	4.8e-05	0.481280975711755
-0.806	5.4e-05	0.498080160940719
-0.806	6e-05	0.505656542900329
-0.806	6.6e-05	0.515252733353114
-0.806	7.2e-05	0.530831344160189
-0.806	7.8e-05	0.557083910398456
-0.806	8.4e-05	0.58844208903948
-0.806	9e-05	0.611566017254481
-0.806	9.6e-05	0.627802977830996
-0.806	0.000102	0.636753463112961
-0.806	0.000108	0.648722329102743
-0.806	0.000114	0.669361705628758
-0.806	0.00012	0.687704667872623
-0.806	0.000126	0.707545510366044
-0.806	0.000132	0.733802801924206
-0.806	0.000138	0.753584753010826
-0.806	0.000144	0.770097006774406
-0.806	0.00015	0.788280796023553
-0.806	0.000156	0.791847444230269
-0.806	0.000162	0.784194713469867
-0.806	0.000168	0.772926506275467
-0.806	0.000174	0.746741275740001
-0.806	0.00018	0.719048670600941
-0.806	0.000186	0.69276110205224
-0.806	0.000192	0.664609660332004
-0.806	0.000198	0.651856611243752
-0.806	0.000204	0.652840132485579
-0.806	0.00021	0.661021354428678
-0.806	0.000216	0.675781742409413
-0.806	0.000222	0.688427115624807
-0.806	0.000228	0.698719983352998
-0.806	0.000234	0.713346399990313
-0.806	0.00024	0.72187370730249
-0.806	0.000246	0.722893805953552
-0.806	0.000252	0.723388957447072
-0.806	0.000258	0.719574274082928
-0.806	0.000264	0.713316691778275
-0.806	0.00027	0.713668596286513
-0.806	0.000276	0.705903683116004
-0.806	0.000282	0.692512716875466
-0.806	0.000288	0.684740934507759
-0.806	0.000294	0.672529064962053
-0.806	0.0003	0.659976797902747

-0.807	-0.0003	1.00321635071972
-0.807	-0.000294	1.00395008670739
-0.807	-0.000288	1.00756101284291
-0.807	-0.000282	1.02695535707217
-0.807	-0.000276	1.04378840703107
-0.807	-0.00027	1.05044313433184
-0.807	-0.000264	1.0594214027077
-0.807	-0.000258	1.0650959777234
-0.807	-0.000252	1.07477507989257
-0.807	-0.000246	1.07949164159935
-0.807	-0.00024	1.08048045696306
-0.807	-0.000234	1.09097765069838
-0.807	-0.000228	1.08848172325145
-0.807	-0.000222	1.0763432710446
-0.807	-0.000216	1.07160098262226
-0.807	-0.00021	1.05883485144057
-0.807	-0.000204	1.04153828334182
-0.807	-0.000198	1.03002742261084
-0.807	-0.000192	1.00963148718255
-0.807	-0.000186	0.985242575356665
-0.807	-0.00018	0.969652020013152
-0.807	-0.000174	0.942610107861699
-0.807	-0.000168	0.903164163453011
-0.807	-0.000162	0.869966306971448
-0.807	-0.000156	0.83241267510565
-0.807	-0.00015	0.799188479392298
-0.807	-0.000144	0.765603759829801
-0.807	-0.000138	0.731135538139991
-0.807	-0.000132	0.70968647060609
-0.807	-0.000126	0.692395109106771
-0.807	-0.00012	0.679393981146844
-0.807	-0.000114	0.676939137646406
-0.807	-0.000108	0.676396558049966
-0.807	-0.000102	0.676852200648822
-0.807	-9.6e-05	0.686743241845717
-0.807	-9e-05	0.693794939121188
-0.807	-8.4e-05	0.688973764240187
-0.807	-7.8e-05	0.671830331261328
-0.807	-7.2e-05	0.630856142113581
-0.807	-6.6e-05	0.576479435969431
-0.807	-6e-05	0.520318399389877
-0.807	-5.4e-05	0.474716116870506
-0.807	-4.8e-05	0.446867226366971
-0.807	-4.2e-05	0.430039076725887
-0.807	-3.6e-05	0.417040792705444
-0.807	-3e-05	0.415303059121057
-0.807	-2.4e-05	0.425776145000849
-0.807	-1.8e-05	0.440989331664445
-0.807	-1.2e-05	0.453015295203072
-0.807	-5.99999999999998e-06	0.454158295721225
-0.807	0	0.445153381855461
-0.807	5.99999999999998e-06	0.433719788746611
-0.807	1.2e-05	0.422690209807586
-0.807	1.8e-05	0.412484366575943
-0.807	2.4e-05	0.412478678696974
-0.807	3e-05	0.422964715456995
-0.807	3.6e-05	0.449554091445968
-0.807	4.2e-05	0.482953342496205
-0.807	4.8e-05	0.506540307571513
-0.807	5.4e-05	0.516695966236227
-0.807	6e-05	0.512303963462102
-0.807	6.6e-05	0.503763530295257
-0.807	7.2e-05	0.509558206999793
-0.807	7.8e-05	0.52809053177693
-0.807	8.4e-05	0.545925785474598
-0.807	9e-05	0.565707692823481
-0.807	9.6e-05	0.586638769872512
-0.807	0.000102	0.605024391185155
-0.807	0.000108	0.633842276951485
-0.807	0.000114	0.671766233278585
-0.807	0.00012	0.708225955350405
-0.807	0.000126	0.744504627924763
-0.807	0.000132	0.776927708209909
-0.807	0.000138	0.808050015036078
-0.807	0.000144	0.834956380721819
-0.807	0.00015	0.853120393654766
-0.807	0.000156	0.878365637053804
-0.807	0.000162	0.907484586483977
-0.807	0.000168	0.928214093942915
-0.807	0.000174	0.950711480763568
-0.807	0.00018	0.970316013876845
-0.807	0.000186	0.970444822405549
-0.807	0.000192	0.961845016552366
-0.807	0.000198	0.95357151977555
-0.807	0.000204	0.94103430371255
-0.807	0.00021	0.931693936435728
-0.807	0.000216	0.924376702847612
-0.807	0.000222	0.908345993396368
-0.807	0.000228	0.895917022008217
-0.807	0.000234	0.884223274184081
-0.807	0.00024	0.878094019105106
-0.807	0.000246	0.875089333030458
-0.807	0.000252	0.859663638584121
-0.807	0.000258	0.842838639140641
-0.807	0.000264	0.833678883795992
-0.807	0.00027	0.821951008721533
-0.807	0.000276	0.806576505138937
-0.807	0.000282	0.79074032105917
-0.807	0.000288	0.770273768470284
-0.807	0.000294	0.753186689216861
-0.807	0.0003	0.746184301448211

-0.808	-0.0003	1.05572865865157
-0.808	-0.000294	1.05662716803745
-0.808	-0.000288	1.06323735488904
-0.808	-0.000282	1.08421677888581
-0.808	-0.000276	1.10692864236858
-0.808	-0.00027	1.12962746749565
-0.808	-0.000264	1.14480867078622
-0.808	-0.000258	1.14633065886781
-0.808	-0.000252	1.15309774360011
-0.808	-0.000246	1.16488836031766
-0.808	-0.00024	1.16576761842811
-0.808	-0.000234	1.16505085855489
-0.808	-0.000228	1.16402354066379
-0.808	-0.000222	1.14726959592271
-0.808	-0.000216	1.12729972614143
-0.808	-0.00021	1.10846996922457
-0.808	-0.000204	1.0754686507316
-0.808	-0.000198	1.0380789172039
-0.808	-0.000192	1.00790263541247
-0.808	-0.000186	0.979575875858461
-0.808	-0.00018	0.950730994559386
-0.808	-0.000174	0.911097437737646
-0.808	-0.000168	0.865842946946345
-0.808	-0.000162	0.826054504907982
-0.808	-0.000156	0.785367728505157
-0.808	-0.00015	0.744116714785791
-0.808	-0.000144	0.708842783608071
-0.808	-0.000138	0.673365488982301
-0.808	-0.000132	0.640636969756254
-0.808	-0.000126	0.617738106423651
-0.808	-0.00012	0.599230983321301
-0.808	-0.000114	0.59129722773364
-0.808	-0.000108	0.594101744342558
-0.808	-0.000102	0.596293676687191
-0.808	-9.6e-05	0.597016736979103
-0.808	-9e-05	0.597631333837012
-0.808	-8.4e-05	0.590661235699502
-0.808	-7.8e-05	0.569536770882975
-0.808	-7.2e-05	0.53136736084104
-0.808	-6.6e-05	0.487793856151607
-0.808	-6e-05	0.447772517451085
-0.808	-5.4e-05	0.409362597773363
-0.808	-4.8e-05	0.380364537593169
-0.808	-4.2e-05	0.357514743115873
-0.808	-3.6e-05	0.341489677805861
-0.808	-3e-05	0.338207729641283
-0.808	-2.4e-05	0.349573352662226
-0.808	-1.8e-05	0.362942201795484
-0.808	-1.2e-05	0.373264668367881
-0.808	-5.99999999999998e-06	0.379725964139929
-0.808	0	0.374322350771969
-0.808	5.99999999999998e-06	0.360399677521034
-0.808	1.2e-05	0.344755962410915
-0.808	1.8e-05	0.336035267331243
-0.808	2.4e-05	0.341984326103996
-0.808	3e-05	0.360571473245504
-0.808	3.6e-05	0.389299709358447
-0.808	4.2e-05	0.424149456246078
-0.808	4.8e-05	0.4486590385393
-0.808	5.4e-05	0.457210409945772
-0.808	6e-05	0.459047593866172
-0.808	6.6e-05	0.458464236557876
-0.808	7.2e-05	0.462858995749032
-0.808	7.8e-05	0.474966077122592
-0.808	8.4e-05	0.486762600478272
-0.808	9e-05	0.49577079582532
-0.808	9.6e-05	0.510922903443585
-0.808	0.000102	0.53425623300495
-0.808	0.000108	0.571612189301667
-0.808	0.000114	0.617597615878889
-0.808	0.00012	0.6602863058391
-0.808	0.000126	0.703040450145191
-0.808	0.000132	0.737249785983888
-0.808	0.000138	0.761642810566452
-0.808	0.000144	0.789048046721817
-0.808	0.00015	0.815071216538365
-0.808	0.000156	0.840968815569755
-0.808	0.000162	0.880789284742366
-0.808	0.000168	0.926526544925458
-0.808	0.000174	0.970864500134898
-0.808	0.00018	1.01831731121198
-0.808	0.000186	1.05536918488395
-0.808	0.000192	1.06525882597998
-0.808	0.000198	1.06746344668446
-0.808	0.000204	1.05942437788388
-0.808	0.00021	1.04807391527406
-0.808	0.000216	1.03523305412811
-0.808	0.000222	1.01214027798725
-0.808	0.000228	0.994132725393218
-0.808	0.000234	0.976800017403542
-0.808	0.00024	0.951684895088139
-0.808	0.000246	0.932499689684865
-0.808	0.000252	0.915888291866881
-0.808	0.000258	0.893372353832974
-0.808	0.000264	0.874514857559961
-0.808	0.00027	0.858486510792154
-0.808	0.000276	0.834601719773061
-0.808	0.000282	0.811536507943444
-0.808	0.000288	0.793457463128706
-0.808	0.000294	0.77599279643621
-0.808	0.0003	0.759220212959417

-0.809	-0.0003	0.978048199897903
-0.809	-0.000294	0.976379114594737
-0.809	-0.000288	0.981339729915482
-0.809	-0.000282	1.00557953187919
-0.809	-0.000276	1.0361142373802
-0.809	-0.00027	1.05780595842718
-0.809	-0.000264	1.07606850287481
-0.809	-0.000258	1.08938075765461
-0.809	-0.000252	1.10040263607406
-0.809	-0.000246	1.10871761060143
-0.809	-0.00024	1.11695636758819
-0.809	-0.000234	1.11769194119504
-0.809	-0.000228	1.10453220899541
-0.809	-0.000222	1.09184439547039
-0.809	-0.000216	1.06655784934222
-0.809	-0.00021	1.02504361823242
-0.809	-0.000204	0.986813041646191
-0.809	-0.000198	0.948148348874034
-0.809	-0.000192	0.903671609478826
-0.809	-0.000186	0.870396922916935
-0.809	-0.00018	0.837072708089069
-0.809	-0.000174	0.79002872402416
-0.809	-0.000168	0.739673258627543
-0.809	-0.000162	0.691634640106741
-0.809	-0.000156	0.646803327285228
-0.809	-0.00015	0.609856154262948
-0.809	-0.000144	0.578429983618168
-0.809	-0.000138	0.552845742806405
-0.809	-0.000132	0.529207236824521
-0.809	-0.000126	0.503400162530117
-0.809	-0.00012	0.488455618615543
-0.809	-0.000114	0.483478289677237
-0.809	-0.000108	0.483741375830971
-0.809	-0.000102	0.491693595109433
-0.809	-9.6e-05	0.494992606887428
-0.809	-9e-05	0.485021060395327
-0.809	-8.4e-05	0.467388645104944
-0.809	-7.8e-05	0.439242016180077
-0.809	-7.2e-05	0.399832080402123
-0.809	-6.6e-05	0.366399424032612
-0.809	-6e-05	0.336379121300564
-0.809	-5.4e-05	0.312193135380926
-0.809	-4.8e-05	0.292848450677836
-0.809	-4.2e-05	0.273795116478417
-0.809	-3.6e-05	0.260036472825776
-0.809	-3e-05	0.257923208157165
-0.809	-2.4e-05	0.265765629577826
-0.809	-1.8e-05	0.280494449858471
-0.809	-1.2e-05	0.291733036339797
-0.809	-5.99999999999998e-06	0.293943519921174
-0.809	0	0.287906364701477
-0.809	5.99999999999998e-06	0.274347365473802
-0.809	1.2e-05	0.258844337798731
-0.809	1.8e-05	0.251836130890921
-0.809	2.4e-05	0.259837112790061
-0.809	3e-05	0.277606496492408
-0.809	3.6e-05	0.302154668835466
-0.809	4.2e-05	0.325729011204512
-0.809	4.8e-05	0.34273265370079
-0.809	5.4e-05	0.356591819616351
-0.809	6e-05	0.369802720834347
-0.809	6.6e-05	0.385394063739007
-0.809	7.2e-05	0.399405752234732
-0.809	7.8e-05	0.406380488193173
-0.809	8.4e-05	0.409855736602792
-0.809	9e-05	0.415677933880836
-0.809	9.6e-05	0.426599574426621
-0.809	0.000102	0.450567889701823
-0.809	0.000108	0.490437974639373
-0.809	0.000114	0.530934775992688
-0.809	0.00012	0.569567004135777
-0.809	0.000126	0.60227290310614
-0.809	0.000132	0.633712812145315
-0.809	0.000138	0.664741837817467
-0.809	0.000144	0.693114275377671
-0.809	0.00015	0.7244027119417
-0.809	0.000156	0.765780171482843
-0.809	0.000162	0.812656581971283
-0.809	0.000168	0.866938081843268
-0.809	0.000174	0.932871064227695
-0.809	0.00018	0.991473687169338
-0.809	0.000186	1.03637202941204
-0.809	0.000192	1.07408212159326
-0.809	0.000198	1.09202439486284
-0.809	0.000204	1.09391600739052
-0.809	0.00021	1.09128322087598
-0.809	0.000216	1.07479651880653
-0.809	0.000222	1.05031187566772
-0.809	0.000228	1.02452995928687
-0.809	0.000234	0.998574343932282
-0.809	0.00024	0.979153660447747
-0.809	0.000246	0.953552531020496
-0.809	0.000252	0.92547192522001
-0.809	0.000258	0.904923204691173
-0.809	0.000264	0.878143547371081
-0.809	0.00027	0.849519443176309
-0.809	0.000276	0.829467230457149
-0.809	0.000282	0.805473582246969
-0.809	0.000288	0.779374457410203
-0.809	0.000294	0.761876188484658
-0.809	0.0003	0.742054903524793

-0.81	-0.0003	0.920850482309918
-0.81	-0.000294	0.920603715993172
-0.81	-0.000288	0.93256085622916
-0.81	-0.000282	0.957564321151729
-0.81	-0.000276	0.977672975095289
-0.81	-0.00027	1.00138266701627
-0.81	-0.000264	1.02930051205914
-0.81	-0.000258	1.04263438077433
-0.81	-0.000252	1.04901941524455
-0.81	-0.000246	1.06104463498326
-0.81	-0.00024	1.06163188628908
-0.81	-0.000234	1.05573740922918
-0.81	-0.000228	1.04899631373282
-0.81	-0.000222	1.02541543031705
-0.81	-0.000216	0.98898887293648
-0.81	-0.00021	0.953665851011095
-0.81	-0.000204	0.908628812105075
-0.81	-0.000198	0.857557461895353
-0.81	-0.000192	0.821038235900493
-0.81	-0.000186	0.782958606795625
-0.81	-0.00018	0.74643465548087
-0.81	-0.000174	0.70492230575148
-0.81	-0.000168	0.657199670607145
-0.81	-0.000162	0.610354937233608
-0.81	-0.000156	0.566037852136144
-0.81	-0.00015	0.530339824167299
-0.81	-0.000144	0.509136604152297
-0.81	-0.000138	0.490109477924476
-0.81	-0.000132	0.466821213853063
-0.81	-0.000126	0.447950722985574
-0.81	-0.00012	0.43126905802634
-0.81	-0.000114	0.42219908359527
-0.81	-0.000108	0.4255460048027
-0.81	-0.000102	0.428842785180938
-0.81	-9.6e-05	0.42539895131886
-0.81	-9e-05	0.414281647868086
-0.81	-8.4e-05	0.396520774068344
-0.81	-7.8e-05	0.372153651199259
-0.81	-7.2e-05	0.345097541242743
-0.81	-6.6e-05	0.318071970797147
-0.81	-6e-05	0.29404539854723
-0.81	-5.4e-05	0.272358840314956
-0.81	-4.8e-05	0.254171353958572
-0.81	-4.2e-05	0.242659552537389
-0.81	-3.6e-05	0.233846429478497
-0.81	-3e-05	0.23260039088023
-0.81	-2.4e-05	0.241385643350966
-0.81	-1.8e-05	0.252347186525008
-0.81	-1.2e-05	0.261008574571927
-0.81	-5.99999999999998e-06	0.265159827035263
-0.81	0	0.260246946122536
-0.81	5.99999999999998e-06	0.248056143579092
-0.81	1.2e-05	0.233313584887608
-0.81	1.8e-05	0.223620459911307
-0.81	2.4e-05	0.227258097192671
-0.81	3e-05	0.24092534106231
-0.81	3.6e-05	0.259041969606584
-0.81	4.2e-05	0.278195169767969
-0.81	4.8e-05	0.294329617333321
-0.81	5.4e-05	0.309349328706968
-0.81	6e-05	0.329161972457058
-0.81	6.6e-05	0.348111284153118
-0.81	7.2e-05	0.361952073876842
-0.81	7.8e-05	0.373212646181767
-0.81	8.4e-05	0.378302813831136
-0.81	9e-05	0.37888634613736
-0.81	9.6e-05	0.391033680182013
-0.81	0.000102	0.416115156526628
-0.81	0.000108	0.452549808183853
-0.81	0.000114	0.49044427505807
-0.81	0.00012	0.521347379878739
-0.81	0.000126	0.552793545598874
-0.81	0.000132	0.58366309197121
-0.81	0.000138	0.609772104966076
-0.81	0.000144	0.644392542954441
-0.81	0.00015	0.685575739691469
-0.81	0.000156	0.726382924041247
-0.81	0.000162	0.780753811069728
-0.81	0.000168	0.84662851461057
-0.81	0.000174	0.915928194495138
-0.81	0.00018	0.98721119296261
-0.81	0.000186	1.04665632158404
-0.81	0.000192	1.08183565900584
-0.81	0.000198	1.10816702420381
-0.81	0.000204	1.11897407591831
-0.81	0.00021	1.11870569568967
-0.81	0.000216	1.11267523464575
-0.81	0.000222	1.09035618461978
-0.81	0.000228	1.06918547299507
-0.81	0.000234	1.05000333026695
-0.81	0.00024	1.01822840533502
-0.81	0.000246	0.993407302441359
-0.81	0.000252	0.972367586983886
-0.81	0.000258	0.940846778821952
-0.81	0.000264	0.912797325095604
-0.81	0.00027	0.889201565681461
-0.81	0.000276	0.858570603850253
-0.81	0.000282	0.831383169576025
-0.81	0.000288	0.810594333168485
-0.81	0.000294	0.790139418857919
-0.81	0.0003	0.76795967803499

-0.811	-0.0003	0.848832260254941
-0.811	-0.000294	0.851134012373223
-0.811	-0.000288	0.861729300104904
-0.811	-0.000282	0.885086956257456
-0.811	-0.000276	0.913718060933107
-0.811	-0.00027	0.939135078187746
-0.811	-0.000264	0.968573161215479
-0.811	-0.000258	0.992275940178036
-0.811	-0.000252	1.00403654242543
-0.811	-0.000246	1.0114930851931
-0.811	-0.00024	1.00657018486209
-0.811	-0.000234	0.993706222204409
-0.811	-0.000228	0.972325934211919
-0.811	-0.000222	0.936004733828976
-0.811	-0.000216	0.900537677357163
-0.811	-0.00021	0.861922075332671
-0.811	-0.000204	0.811979724726324
-0.811	-0.000198	0.763924611370606
-0.811	-0.000192	0.724501068434958
-0.811	-0.000186	0.684547590478001
-0.811	-0.00018	0.643846069336989
-0.811	-0.000174	0.608793221521691
-0.811	-0.000168	0.563507622417478
-0.811	-0.000162	0.516102939528986
-0.811	-0.000156	0.469323397957457
-0.811	-0.00015	0.437581725215746
-0.811	-0.000144	0.419279890679594
-0.811	-0.000138	0.401201370905619
-0.811	-0.000132	0.384296828726008
-0.811	-0.000126	0.367743184710843
-0.811	-0.00012	0.34948805639354
-0.811	-0.000114	0.340685893436098
-0.811	-0.000108	0.344895993545008
-0.811	-0.000102	0.349009859169094
-0.811	-9.6e-05	0.348029553754967
-0.811	-9e-05	0.340771474070545
-0.811	-8.4e-05	0.324763691156594
-0.811	-7.8e-05	0.306313359297991
-0.811	-7.2e-05	0.287893938885502
-0.811	-6.6e-05	0.269429059202488
-0.811	-6e-05	0.250821041925515
-0.811	-5.4e-05	0.231820933115749
-0.811	-4.8e-05	0.215647567373572
-0.811	-4.2e-05	0.206060958811372
-0.811	-3.6e-05	0.20050281023439
-0.811	-3e-05	0.201680813086467
-0.811	-2.4e-05	0.208011462717673
-0.811	-1.8e-05	0.213161309311499
-0.811	-1.2e-05	0.220450825435821
-0.811	-5.99999999999998e-06	0.229239009356749
-0.811	0	0.231685977323246
-0.811	5.99999999999998e-06	0.227081160498865
-0.811	1.2e-05	0.217875967769003
-0.811	1.8e-05	0.208088292795653
-0.811	2.4e-05	0.20677141826589
-0.811	3e-05	0.216372552785981
-0.811	3.6e-05	0.227712514723817
-0.811	4.2e-05	0.236961679119667
-0.811	4.8e-05	0.241796920545541
-0.811	5.4e-05	0.250624678934854
-0.811	6e-05	0.270907272503676
-0.811	6.6e-05	0.292100823143223
-0.811	7.2e-05	0.309098537132509
-0.811	7.8e-05	0.32007333742141
-0.811	8.4e-05	0.325161842473013
-0.811	9e-05	0.331817007292093
-0.811	9.6e-05	0.348388677479749
-0.811	0.000102	0.371934274195831
-0.811	0.000108	0.398913050923613
-0.811	0.000114	0.427124084089343
-0.811	0.00012	0.448386939311065
-0.811	0.000126	0.462289333097394
-0.811	0.000132	0.482265853316718
-0.811	0.000138	0.512139102564926
-0.811	0.000144	0.549319303486066
-0.811	0.00015	0.591124316321036
-0.811	0.000156	0.636328491261727
-0.811	0.000162	0.697232866321652
-0.811	0.000168	0.767230929864109
-0.811	0.000174	0.834372104615676
-0.811	0.00018	0.906589577315046
-0.811	0.000186	0.973596955721121
-0.811	0.000192	1.02365245129665
-0.811	0.000198	1.06858133305028
-0.811	0.000204	1.10225837120772
-0.811	0.00021	1.11411234213159
-0.811	0.000216	1.12146632812687
-0.811	0.000222	1.11849996958167
-0.811	0.000228	1.1051512248916
-0.811	0.000234	1.08935013062123
-0.811	0.00024	1.06313751079594
-0.811	0.000246	1.03926444555413
-0.811	0.000252	1.01444176758515
-0.811	0.000258	0.981304465084667
-0.811	0.000264	0.95085385266525
-0.811	0.00027	0.927728174330031
-0.811	0.000276	0.899247054576668
-0.811	0.000282	0.871426953487324
-0.811	0.000288	0.849097752806359
-0.811	0.000294	0.82251559603393
-0.811	0.0003	0.803266248886685

-0.812	-0.0003	0.759913258757683
-0.812	-0.000294	0.764068908390437
-0.812	-0.000288	0.778204242576661
-0.812	-0.000282	0.801297368760359
-0.812	-0.000276	0.826549262620929
-0.812	-0.00027	0.861366238597883
-0.812	-0.000264	0.893210293114055
-0.812	-0.000258	0.916594201022922
-0.812	-0.000252	0.940649190751836
-0.812	-0.000246	0.949103386983279
-0.812	-0.00024	0.940558709776076
-0.812	-0.000234	0.927927074978567
-0.812	-0.000228	0.900589568306575
-0.812	-0.000222	0.855637584994238
-0.812	-0.000216	0.811236538122356
-0.812	-0.00021	0.766035338357851
-0.812	-0.000204	0.714986170862014
-0.812	-0.000198	0.672518433004034
-0.812	-0.000192	0.634280068399268
-0.812	-0.000186	0.596152354843547
-0.812	-0.00018	0.560282771801746
-0.812	-0.000174	0.519972445257501
-0.812	-0.000168	0.479930761485767
-0.812	-0.000162	0.435717239504483
-0.812	-0.000156	0.389121635084149
-0.812	-0.00015	0.354961761881332
-0.812	-0.000144	0.33476730852068
-0.812	-0.000138	0.320031400283683
-0.812	-0.000132	0.305068720805295
-0.812	-0.000126	0.285632089395476
-0.812	-0.00012	0.265251161202264
-0.812	-0.000114	0.254385393102378
-0.812	-0.000108	0.254355225479672
-0.812	-0.000102	0.256126408168049
-0.812	-9.6e-05	0.256764062799953
-0.812	-9e-05	0.252987772618849
-0.812	-8.4e-05	0.2467432286699
-0.812	-7.8e-05	0.240353096991569
-0.812	-7.2e-05	0.232141138651961
-0.812	-6.6e-05	0.221129257772534
-0.812	-6e-05	0.205652984973996
-0.812	-5.4e-05	0.185783374954044
-0.812	-4.8e-05	0.168411442501236
-0.812	-4.2e-05	0.156355595752644
-0.812	-3.6e-05	0.150728536369362
-0.812	-3e-05	0.152834417732096
-0.812	-2.4e-05	0.157173326355617
-0.812	-1.8e-05	0.161694848612781
-0.812	-1.2e-05	0.171082119001088
-0.812	-5.99999999999998e-06	0.183535942049378
-0.812	0	0.193071884762763
-0.812	5.99999999999998e-06	0.197851735029321
-0.812	1.2e-05	0.192888144494807
-0.812	1.8e-05	0.184564572530639
-0.812	2.4e-05	0.179815633682007
-0.812	3e-05	0.179050154968133
-0.812	3.6e-05	0.181597831151052
-0.812	4.2e-05	0.182611935672073
-0.812	4.8e-05	0.180812554254458
-0.812	5.4e-05	0.185212793495164
-0.812	6e-05	0.200476142847426
-0.812	6.6e-05	0.218480479594968
-0.812	7.2e-05	0.234079347995431
-0.812	7.8e-05	0.244088565746569
-0.812	8.4e-05	0.249709259064616
-0.812	9e-05	0.261618949281836
-0.812	9.6e-05	0.281629903033092
-0.812	0.000102	0.305819301647225
-0.812	0.000108	0.323098762371332
-0.812	0.000114	0.331722741686644
-0.812	0.00012	0.339443967599206
-0.812	0.000126	0.350196437577361
-0.812	0.000132	0.363997871558971
-0.812	0.000138	0.383888701752525
-0.812	0.000144	0.412163089101079
-0.812	0.00015	0.449575836641543
-0.812	0.000156	0.499345363310761
-0.812	0.000162	0.557113224829921
-0.812	0.000168	0.617183538506056
-0.812	0.000174	0.682469371881051
-0.812	0.00018	0.74979977788221
-0.812	0.000186	0.808756886751193
-0.812	0.000192	0.866987435087825
-0.812	0.000198	0.924000778006306
-0.812	0.000204	0.959930477534364
-0.812	0.00021	0.986587889264829
-0.812	0.000216	1.01135535111235
-0.812	0.000222	1.01594590449218
-0.812	0.000228	1.00783236827123
-0.812	0.000234	1.00031938425567
-0.812	0.00024	0.978128442696217
-0.812	0.000246	0.947334632584945
-0.812	0.000252	0.932433710321711
-0.812	0.000258	0.914087860377135
-0.812	0.000264	0.881518032889757
-0.812	0.00027	0.853207199392158
-0.812	0.000276	0.830238418914163
-0.812	0.000282	0.80639493064769
-0.812	0.000288	0.791293007596354
-0.812	0.000294	0.767209315952214
-0.812	0.0003	0.746012002551846

-0.813	-0.0003	0.628152782199668
-0.813	-0.000294	0.63234409044381
-0.813	-0.000288	0.639889976653727
-0.813	-0.000282	0.65955230733105
-0.813	-0.000276	0.687356132344633
-0.813	-0.00027	0.716602665200566
-0.813	-0.000264	0.749192050221499
-0.813	-0.000258	0.780929610183042
-0.813	-0.000252	0.802843070916897
-0.813	-0.000246	0.814373095400859
-0.813	-0.00024	0.810019070160332
-0.813	-0.000234	0.792041007019182
-0.813	-0.000228	0.761981632957759
-0.813	-0.000222	0.715792186631533
-0.813	-0.000216	0.664466063327376
-0.813	-0.00021	0.621360014536537
-0.813	-0.000204	0.579504292117363
-0.813	-0.000198	0.537086301284512
-0.813	-0.000192	0.504544388151216
-0.813	-0.000186	0.47425741154952
-0.813	-0.00018	0.438929008003285
-0.813	-0.000174	0.405033292904598
-0.813	-0.000168	0.365456877369439
-0.813	-0.000162	0.32442948469386
-0.813	-0.000156	0.286003792088783
-0.813	-0.00015	0.25537683362293
-0.813	-0.000144	0.238913495609087
-0.813	-0.000138	0.228806227629857
-0.813	-0.000132	0.215739973479224
-0.813	-0.000126	0.199926169001279
-0.813	-0.00012	0.182242114356828
-0.813	-0.000114	0.170072597595941
-0.813	-0.000108	0.170238125721459
-0.813	-0.000102	0.171276874059107
-0.813	-9.6e-05	0.171066892995109
-0.813	-9e-05	0.173021805002914
-0.813	-8.4e-05	0.173232715817984
-0.813	-7.8e-05	0.169600153873513
-0.813	-7.2e-05	0.164001008834915
-0.813	-6.6e-05	0.154164680646304
-0.813	-6e-05	0.13949697222134
-0.813	-5.4e-05	0.121704541665338
-0.813	-4.8e-05	0.105079952350846
-0.813	-4.2e-05	0.095979438415902
-0.813	-3.6e-05	0.0953024936766776
-0.813	-3e-05	0.101606136836008
-0.813	-2.4e-05	0.110363649978778
-0.813	-1.8e-05	0.117745769099038
-0.813	-1.2e-05	0.124682943189765
-0.813	-5.99999999999998e-06	0.133549696365062
-0.813	0	0.14082965248411
-0.813	5.99999999999998e-06	0.142115768729703
-0.813	1.2e-05	0.136481522935528
-0.813	1.8e-05	0.125950880110317
-0.813	2.4e-05	0.116852400684843
-0.813	3e-05	0.115856147343083
-0.813	3.6e-05	0.118097400150111
-0.813	4.2e-05	0.12028901530219
-0.813	4.8e-05	0.123279186355731
-0.813	5.4e-05	0.128995436007571
-0.813	6e-05	0.139401951879188
-0.813	6.6e-05	0.15053377037221
-0.813	7.2e-05	0.158296616218201
-0.813	7.8e-05	0.165985771254081
-0.813	8.4e-05	0.173976952501132
-0.813	9e-05	0.18400790449227
-0.813	9.6e-05	0.199939513631545
-0.813	0.000102	0.216308061025013
-0.813	0.000108	0.226180047820315
-0.813	0.000114	0.229721516244602
-0.813	0.00012	0.231606587699731
-0.813	0.000126	0.23521552308466
-0.813	0.000132	0.245343136158591
-0.813	0.000138	0.264081449540617
-0.813	0.000144	0.293770783506499
-0.813	0.00015	0.331905738171123
-0.813	0.000156	0.371121783009686
-0.813	0.000162	0.416243221231925
-0.813	0.000168	0.465698470907158
-0.813	0.000174	0.50922747890863
-0.813	0.00018	0.556548024977796
-0.813	0.000186	0.615179043553057
-0.813	0.000192	0.672093198655907
-0.813	0.000198	0.726877725491931
-0.813	0.000204	0.775968819840879
-0.813	0.00021	0.804139731595707
-0.813	0.000216	0.824109076336224
-0.813	0.000222	0.832005598213695
-0.813	0.000228	0.818799925463999
-0.813	0.000234	0.815338721730385
-0.813	0.00024	0.829494094729702
-0.813	0.000246	0.81710135070795
-0.813	0.000252	0.770229228021096
-0.813	0.000258	0.771803107028607
-0.813	0.000264	0.771762241841277
-0.813	0.00027	0.733107349704766
-0.813	0.000276	0.666347175157236
-0.813	0.000282	0.624582108735239
-0.813	0.000288	0.638066618650176
-0.813	0.000294	0.625023487898936
-0.813	0.0003	0.59452444100932

-0.814	-0.0003	0.611095236160355
-0.814	-0.000294	0.587697589857092
-0.814	-0.000288	0.591758689495145
-0.814	-0.000282	0.608085824765812
-0.814	-0.000276	0.650277525636809
-0.814	-0.00027	0.706893548537754
-0.814	-0.000264	0.761126963982375
-0.814	-0.000258	0.76112180112068
-0.814	-0.000252	0.757386529279457
-0.814	-0.000246	0.764852872706262
-0.814	-0.00024	0.757865710931845
-0.814	-0.000234	0.753916662467198
-0.814	-0.000228	0.726265228773588
-0.814	-0.000222	0.663860610827649
-0.814	-0.000216	0.609713694838811
-0.814	-0.00021	0.563928787770154
-0.814	-0.000204	0.522736577935136
-0.814	-0.000198	0.481734168175189
-0.814	-0.000192	0.446889671601237
-0.814	-0.000186	0.415905055141572
-0.814	-0.00018	0.383422208413005
-0.814	-0.000174	0.347568770186774
-0.814	-0.000168	0.308104646429556
-0.814	-0.000162	0.270443535604676
-0.814	-0.000156	0.235550910865623
-0.814	-0.00015	0.212161621368791
-0.814	-0.000144	0.201642441800483
-0.814	-0.000138	0.197755872444457
-0.814	-0.000132	0.195276833608324
-0.814	-0.000126	0.192248499098217
-0.814	-0.00012	0.18344948633603
-0.814	-0.000114	0.16114912973438
-0.814	-0.000108	0.145017941779094
-0.814	-0.000102	0.140431129270081
-0.814	-9.6e-05	0.142566029738246
-0.814	-9e-05	0.146058516799142
-0.814	-8.4e-05	0.14955823402746
-0.814	-7.8e-05	0.151041807073582
-0.814	-7.2e-05	0.148133552371696
-0.814	-6.6e-05	0.141231566544906
-0.814	-6e-05	0.130011203138102
-0.814	-5.4e-05	0.11420321779227
-0.814	-4.8e-05	0.0992622178676173
-0.814	-4.2e-05	0.0908325779561858
-0.814	-3.6e-05	0.0889348837924456
-0.814	-3e-05	0.0939596189929905
-0.814	-2.4e-05	0.101429462660235
-0.814	-1.8e-05	0.106831435292251
-0.814	-1.2e-05	0.11252713202232
-0.814	-5.99999999999998e-06	0.120664119781397
-0.814	0	0.127497030728996
-0.814	5.99999999999998e-06	0.130497560278693
-0.814	1.2e-05	0.127249630006003
-0.814	1.8e-05	0.119731187812112
-0.814	2.4e-05	0.11306126732276
-0.814	3e-05	0.107785456153807
-0.814	3.6e-05	0.103937214329586
-0.814	4.2e-05	0.102968984716786
-0.814	4.8e-05	0.104449845083615
-0.814	5.4e-05	0.111244745708406
-0.814	6e-05	0.125118098511039
-0.814	6.6e-05	0.138704180765725
-0.814	7.2e-05	0.146811361865273
-0.814	7.8e-05	0.151711784163419
-0.814	8.4e-05	0.155922321804733
-0.814	9e-05	0.164006127923638
-0.814	9.6e-05	0.176346488786704
-0.814	0.000102	0.185861998899376
-0.814	0.000108	0.189223621062625
-0.814	0.000114	0.187474030436066
-0.814	0.00012	0.184439242373505
-0.814	0.000126	0.18698566066192
-0.814	0.000132	0.195137064996962
-0.814	0.000138	0.210634164172087
-0.814	0.000144	0.237769138727798
-0.814	0.00015	0.272969040026937
-0.814	0.000156	0.311287625537657
-0.814	0.000162	0.354398749691227
-0.814	0.000168	0.396263550814997
-0.814	0.000174	0.437969375834337
-0.814	0.00018	0.486108275990035
-0.814	0.000186	0.540577081993463
-0.814	0.000192	0.594009863265925
-0.814	0.000198	0.646979913959688
-0.814	0.000204	0.700987083180193
-0.814	0.00021	0.734482153065813
-0.814	0.000216	0.755730657329922
-0.814	0.000222	0.767224716967866
-0.814	0.000228	0.754268960732519
-0.814	0.000234	0.737508453075845
-0.814	0.00024	0.72368936478647
-0.814	0.000246	0.701930220514226
-0.814	0.000252	0.682268108596057
-0.814	0.000258	0.662178093364716
-0.814	0.000264	0.638149574127783
-0.814	0.00027	0.620438272355244
-0.814	0.000276	0.604389449232545
-0.814	0.000282	0.583997276541586
-0.814	0.000288	0.56645857994702
-0.814	0.000294	0.547999847553644
-0.814	0.0003	0.531831360260421

-0.815	-0.0003	0.522741872033532
-0.815	-0.000294	0.525863072057611
-0.815	-0.000288	0.536403931182003
-0.815	-0.000282	0.552617527726404
-0.815	-0.000276	0.577149992772203
-0.815	-0.00027	0.604204418262085
-0.815	-0.000264	0.624707285739824
-0.815	-0.000258	0.647187258904224
-0.815	-0.000252	0.665641659781768
-0.815	-0.000246	0.677353565038585
-0.815	-0.00024	0.675429837901175
-0.815	-0.000234	0.650104920482325
-0.815	-0.000228	0.615240297596316
-0.815	-0.000222	0.575383601033816
-0.815	-0.000216	0.52721267376736
-0.815	-0.00021	0.485789886192393
-0.815	-0.000204	0.453979827689844
-0.815	-0.000198	0.424486309758011
-0.815	-0.000192	0.40257932446427
-0.815	-0.000186	0.382418429575441
-0.815	-0.00018	0.357455676711144
-0.815	-0.000174	0.327692115929415
-0.815	-0.000168	0.296356054372181
-0.815	-0.000162	0.264928089845954
-0.815	-0.000156	0.235129001736518
-0.815	-0.00015	0.211480804498564
-0.815	-0.000144	0.19739600491036
-0.815	-0.000138	0.190942344025438
-0.815	-0.000132	0.183880649207592
-0.815	-0.000126	0.173393113917997
-0.815	-0.00012	0.158919012038475
-0.815	-0.000114	0.143371520471699
-0.815	-0.000108	0.135749810515849
-0.815	-0.000102	0.136092756619409
-0.815	-9.6e-05	0.139166123795023
-0.815	-9e-05	0.14275375151913
-0.815	-8.4e-05	0.142811844420956
-0.815	-7.8e-05	0.139274762224606
-0.815	-7.2e-05	0.13548121151396
-0.815	-6.6e-05	0.130941520870888
-0.815	-6e-05	0.122174764929491
-0.815	-5.4e-05	0.109485474755514
-0.815	-4.8e-05	0.0943164128846172
-0.815	-4.2e-05	0.0821853111615453
-0.815	-3.6e-05	0.0784875628787587
-0.815	-3e-05	0.0810410417909648
-0.815	-2.4e-05	0.0873676661550624
-0.815	-1.8e-05	0.0952981183878734
-0.815	-1.2e-05	0.10164171887582
-0.815	-5.99999999999998e-06	0.107807726376052
-0.815	0	0.114831071786179
-0.815	5.99999999999998e-06	0.117834762482007
-0.815	1.2e-05	0.115748176144192
-0.815	1.8e-05	0.111107919479322
-0.815	2.4e-05	0.105949431689815
-0.815	3e-05	0.103494347561353
-0.815	3.6e-05	0.10114340625496
-0.815	4.2e-05	0.0989490237326243
-0.815	4.8e-05	0.099663595957914
-0.815	5.4e-05	0.104526150127877
-0.815	6e-05	0.115645586552057
-0.815	6.6e-05	0.12793637539027
-0.815	7.2e-05	0.134446247803653
-0.815	7.8e-05	0.136904657151136
-0.815	8.4e-05	0.141833354754794
-0.815	9e-05	0.150516892695853
-0.815	9.6e-05	0.162715450438087
-0.815	0.000102	0.174582459705916
-0.815	0.000108	0.180588047230221
-0.815	0.000114	0.181895296122265
-0.815	0.00012	0.181788834399127
-0.815	0.000126	0.181410798479123
-0.815	0.000132	0.184790096809611
-0.815	0.000138	0.198327285206918
-0.815	0.000144	0.218094557215984
-0.815	0.00015	0.245563650719022
-0.815	0.000156	0.283286190608578
-0.815	0.000162	0.320365037967916
-0.815	0.000168	0.356108350162378
-0.815	0.000174	0.395754879709727
-0.815	0.00018	0.437945924279769
-0.815	0.000186	0.480556340321041
-0.815	0.000192	0.530061774539714
-0.815	0.000198	0.578179542063055
-0.815	0.000204	0.615722541970834
-0.815	0.00021	0.647011941070446
-0.815	0.000216	0.666191414857014
-0.815	0.000222	0.669399989396986
-0.815	0.000228	0.662782802088015
-0.815	0.000234	0.64555698241005
-0.815	0.00024	0.629901279002265
-0.815	0.000246	0.6150897001343
-0.815	0.000252	0.592798564462408
-0.815	0.000258	0.573774063414916
-0.815	0.000264	0.553911738246302
-0.815	0.00027	0.527729089129938
-0.815	0.000276	0.512466986740095
-0.815	0.000282	0.497531237164356
-0.815	0.000288	0.478132561395777
-0.815	0.000294	0.467740330830537
-0.815	0.0003	0.461282491561191
