# qdac_LB_set	qdac_bias_left_set	lockin1_conductance
# "Left Barrier"	"DCbias_left"	"Conductance dIL/dVL"
# 21	101
-0.811	-0.0003	0.879377466430284
-0.811	-0.000294	0.882031166818031
-0.811	-0.000288	0.896089408380056
-0.811	-0.000282	0.928670699124335
-0.811	-0.000276	0.968132744610856
-0.811	-0.00027	0.99517071898007
-0.811	-0.000264	1.01662923715376
-0.811	-0.000258	1.03164286686787
-0.811	-0.000252	1.02443921579073
-0.811	-0.000246	1.00467918489762
-0.811	-0.00024	0.972580488547199
-0.811	-0.000234	0.916856718351175
-0.811	-0.000228	0.856807187311542
-0.811	-0.000222	0.793055461575992
-0.811	-0.000216	0.733792695006951
-0.811	-0.00021	0.685277738726266
-0.811	-0.000204	0.631093195270155
-0.811	-0.000198	0.576270997182141
-0.811	-0.000192	0.522132831794401
-0.811	-0.000186	0.468196279734492
-0.811	-0.00018	0.426297591964931
-0.811	-0.000174	0.395556722861109
-0.811	-0.000168	0.367637258958206
-0.811	-0.000162	0.348895532858194
-0.811	-0.000156	0.341756220415317
-0.811	-0.00015	0.336688344847666
-0.811	-0.000144	0.325978293310265
-0.811	-0.000138	0.306173853204661
-0.811	-0.000132	0.281591181723064
-0.811	-0.000126	0.261180239036206
-0.811	-0.00012	0.253915902717803
-0.811	-0.000114	0.266517151133451
-0.811	-0.000108	0.296334287307737
-0.811	-0.000102	0.332049728932834
-0.811	-9.6e-05	0.365107248022185
-0.811	-9e-05	0.387056104823557
-0.811	-8.4e-05	0.386045194268414
-0.811	-7.8e-05	0.36965518607097
-0.811	-7.2e-05	0.350223564370297
-0.811	-6.6e-05	0.325378594296112
-0.811	-6e-05	0.297307723524667
-0.811	-5.4e-05	0.266740093983925
-0.811	-4.8e-05	0.230197853973948
-0.811	-4.2e-05	0.194244090356293
-0.811	-3.6e-05	0.17227957001184
-0.811	-3e-05	0.163826741068572
-0.811	-2.4e-05	0.167519135091258
-0.811	-1.8e-05	0.176014174638815
-0.811	-1.2e-05	0.181080551653402
-0.811	-5.99999999999998e-06	0.175547353162911
-0.811	0	0.159589284461392
-0.811	5.99999999999998e-06	0.144403694935834
-0.811	1.2e-05	0.136057163640465
-0.811	1.8e-05	0.135079013059215
-0.811	2.4e-05	0.142391794784601
-0.811	3e-05	0.156386430601343
-0.811	3.6e-05	0.174580075174751
-0.811	4.2e-05	0.199985126021733
-0.811	4.8e-05	0.234104724672844
-0.811	5.4e-05	0.268995380534872
-0.811	6e-05	0.293873274672283
-0.811	6.6e-05	0.305458427802224
-0.811	7.2e-05	0.302515608310563
-0.811	7.8e-05	0.293011933366497
-0.811	8.4e-05	0.282287771499506
-0.811	9e-05	0.277376946965118
-0.811	9.6e-05	0.285437148398047
-0.811	0.000102	0.29926704361988
-0.811	0.000108	0.315720493499113
-0.811	0.000114	0.336761630949818
-0.811	0.00012	0.353980253280107
-0.811	0.000126	0.365011582315862
-0.811	0.000132	0.376888589121369
-0.811	0.000138	0.388209737323219
-0.811	0.000144	0.40123191041654
-0.811	0.00015	0.425098412719271
-0.811	0.000156	0.457391809439092
-0.811	0.000162	0.504798067426386
-0.811	0.000168	0.565122716655156
-0.811	0.000174	0.635429675617727
-0.811	0.00018	0.71773866526133
-0.811	0.000186	0.790502655362868
-0.811	0.000192	0.852899179032154
-0.811	0.000198	0.919290866737566
-0.811	0.000204	0.983839332624263
-0.811	0.00021	1.03786645318239
-0.811	0.000216	1.09159640407419
-0.811	0.000222	1.12759514566404
-0.811	0.000228	1.13388278622357
-0.811	0.000234	1.13220101256055
-0.811	0.00024	1.12630391034382
-0.811	0.000246	1.10366555172236
-0.811	0.000252	1.07891856622973
-0.811	0.000258	1.04435903226527
-0.811	0.000264	1.00800011686911
-0.811	0.00027	0.973543227176014
-0.811	0.000276	0.931827645258766
-0.811	0.000282	0.895700445183046
-0.811	0.000288	0.867962599532616
-0.811	0.000294	0.833436755300178
-0.811	0.0003	0.807412972920413

-0.8105	-0.0003	0.923051690272923
-0.8105	-0.000294	0.925348542073382
-0.8105	-0.000288	0.939254961117424
-0.8105	-0.000282	0.970864675156316
-0.8105	-0.000276	0.998427334209669
-0.8105	-0.00027	1.01954142961205
-0.8105	-0.000264	1.04087175179676
-0.8105	-0.000258	1.04836014667726
-0.8105	-0.000252	1.04342587058831
-0.8105	-0.000246	1.02867624580229
-0.8105	-0.00024	0.99469941284518
-0.8105	-0.000234	0.943228686239584
-0.8105	-0.000228	0.889180651808259
-0.8105	-0.000222	0.835912643910519
-0.8105	-0.000216	0.778435957897102
-0.8105	-0.00021	0.728549348476463
-0.8105	-0.000204	0.67588766816205
-0.8105	-0.000198	0.615849556618092
-0.8105	-0.000192	0.564451984830967
-0.8105	-0.000186	0.514434641786965
-0.8105	-0.00018	0.469635487336402
-0.8105	-0.000174	0.432042609143301
-0.8105	-0.000168	0.400370415981695
-0.8105	-0.000162	0.383129676591105
-0.8105	-0.000156	0.374758304577078
-0.8105	-0.00015	0.367971793571417
-0.8105	-0.000144	0.358292013232429
-0.8105	-0.000138	0.336088602095776
-0.8105	-0.000132	0.30580803528061
-0.8105	-0.000126	0.285356839946149
-0.8105	-0.00012	0.280862302291992
-0.8105	-0.000114	0.293494002719597
-0.8105	-0.000108	0.325157117153118
-0.8105	-0.000102	0.36497233596507
-0.8105	-9.6e-05	0.397421471092754
-0.8105	-9e-05	0.417639857287511
-0.8105	-8.4e-05	0.419499923983977
-0.8105	-7.8e-05	0.404149790753796
-0.8105	-7.2e-05	0.377949159202678
-0.8105	-6.6e-05	0.348136398305452
-0.8105	-6e-05	0.320469804247704
-0.8105	-5.4e-05	0.288797414219301
-0.8105	-4.8e-05	0.250253938824111
-0.8105	-4.2e-05	0.215021966652987
-0.8105	-3.6e-05	0.189230271503017
-0.8105	-3e-05	0.175165959206489
-0.8105	-2.4e-05	0.178235837087843
-0.8105	-1.8e-05	0.18992202659408
-0.8105	-1.2e-05	0.19549386982772
-0.8105	-5.99999999999998e-06	0.18856776522037
-0.8105	0	0.172409483284848
-0.8105	5.99999999999998e-06	0.157251512773243
-0.8105	1.2e-05	0.150665258751067
-0.8105	1.8e-05	0.153512959450735
-0.8105	2.4e-05	0.163571486699297
-0.8105	3e-05	0.176693635167046
-0.8105	3.6e-05	0.193271026048718
-0.8105	4.2e-05	0.218671067191253
-0.8105	4.8e-05	0.251443229911671
-0.8105	5.4e-05	0.283932355190067
-0.8105	6e-05	0.312114402051319
-0.8105	6.6e-05	0.327195083102464
-0.8105	7.2e-05	0.322435249763687
-0.8105	7.8e-05	0.308966162756759
-0.8105	8.4e-05	0.30049037448229
-0.8105	9e-05	0.297110310475968
-0.8105	9.6e-05	0.300044204368603
-0.8105	0.000102	0.308881479027801
-0.8105	0.000108	0.326361262370187
-0.8105	0.000114	0.347792434968298
-0.8105	0.00012	0.365286459853485
-0.8105	0.000126	0.380089988182534
-0.8105	0.000132	0.39396827413683
-0.8105	0.000138	0.404394281909558
-0.8105	0.000144	0.423729691017765
-0.8105	0.00015	0.456515745287478
-0.8105	0.000156	0.493590632995708
-0.8105	0.000162	0.54195044149241
-0.8105	0.000168	0.608668394512962
-0.8105	0.000174	0.680441950390759
-0.8105	0.00018	0.756498783111786
-0.8105	0.000186	0.836075492190584
-0.8105	0.000192	0.896145149565764
-0.8105	0.000198	0.954955686253934
-0.8105	0.000204	1.00928968959157
-0.8105	0.00021	1.05947145601444
-0.8105	0.000216	1.10707110176923
-0.8105	0.000222	1.13141398554609
-0.8105	0.000228	1.13845303824643
-0.8105	0.000234	1.14300692671805
-0.8105	0.00024	1.13080862054533
-0.8105	0.000246	1.10499738973302
-0.8105	0.000252	1.07906146317217
-0.8105	0.000258	1.04719439464323
-0.8105	0.000264	1.00638983545029
-0.8105	0.00027	0.972422715606376
-0.8105	0.000276	0.937026451340066
-0.8105	0.000282	0.894465476065806
-0.8105	0.000288	0.862804658662137
-0.8105	0.000294	0.832093891550925
-0.8105	0.0003	0.808313844966241

-0.81	-0.0003	0.968300755705636
-0.81	-0.000294	0.969747751326081
-0.81	-0.000288	0.985795611913196
-0.81	-0.000282	1.01437718829938
-0.81	-0.000276	1.03578801580279
-0.81	-0.00027	1.05972863550656
-0.81	-0.000264	1.0793629205931
-0.81	-0.000258	1.07929886637158
-0.81	-0.000252	1.0701909144304
-0.81	-0.000246	1.05179072340099
-0.81	-0.00024	1.0248294040672
-0.81	-0.000234	0.98540848631188
-0.81	-0.000228	0.92954514441592
-0.81	-0.000222	0.875258656727148
-0.81	-0.000216	0.825428663552326
-0.81	-0.00021	0.771550040316655
-0.81	-0.000204	0.722379972010076
-0.81	-0.000198	0.67117412541617
-0.81	-0.000192	0.61260462340455
-0.81	-0.000186	0.560661540582536
-0.81	-0.00018	0.51748273073031
-0.81	-0.000174	0.475957255122762
-0.81	-0.000168	0.440447670865853
-0.81	-0.000162	0.418693689431813
-0.81	-0.000156	0.409474867682435
-0.81	-0.00015	0.403656520664176
-0.81	-0.000144	0.388838466356096
-0.81	-0.000138	0.365472147124899
-0.81	-0.000132	0.33831439919384
-0.81	-0.000126	0.314515188856173
-0.81	-0.00012	0.308973010085089
-0.81	-0.000114	0.326370559857428
-0.81	-0.000108	0.358839230649799
-0.81	-0.000102	0.399951482052265
-0.81	-9.6e-05	0.439725791915659
-0.81	-9e-05	0.462324860448592
-0.81	-8.4e-05	0.463438371537352
-0.81	-7.8e-05	0.442776243518951
-0.81	-7.2e-05	0.40707147758961
-0.81	-6.6e-05	0.374438339680635
-0.81	-6e-05	0.345618441273703
-0.81	-5.4e-05	0.312597477748209
-0.81	-4.8e-05	0.270466877791411
-0.81	-4.2e-05	0.230362014823037
-0.81	-3.6e-05	0.200348471908608
-0.81	-3e-05	0.185240860975955
-0.81	-2.4e-05	0.188768590991752
-0.81	-1.8e-05	0.200619608577769
-0.81	-1.2e-05	0.207001099069813
-0.81	-5.99999999999998e-06	0.202728913602318
-0.81	0	0.188709174565328
-0.81	5.99999999999998e-06	0.173243533720111
-0.81	1.2e-05	0.167826761673039
-0.81	1.8e-05	0.175146357911706
-0.81	2.4e-05	0.18827645846853
-0.81	3e-05	0.204421625472074
-0.81	3.6e-05	0.223071733022881
-0.81	4.2e-05	0.246840753864276
-0.81	4.8e-05	0.278078830839956
-0.81	5.4e-05	0.31011006022738
-0.81	6e-05	0.337306157556763
-0.81	6.6e-05	0.35195771023877
-0.81	7.2e-05	0.347585680671132
-0.81	7.8e-05	0.332835749626998
-0.81	8.4e-05	0.321715952232596
-0.81	9e-05	0.314627786915723
-0.81	9.6e-05	0.315079207366579
-0.81	0.000102	0.324720528939411
-0.81	0.000108	0.339139272458223
-0.81	0.000114	0.357413673943321
-0.81	0.00012	0.380286438672158
-0.81	0.000126	0.395813639832847
-0.81	0.000132	0.411066247868653
-0.81	0.000138	0.430471530314048
-0.81	0.000144	0.454253020737343
-0.81	0.00015	0.487169502372299
-0.81	0.000156	0.528182019072991
-0.81	0.000162	0.577714361325444
-0.81	0.000168	0.644733509246541
-0.81	0.000174	0.716810141405293
-0.81	0.00018	0.787273866964896
-0.81	0.000186	0.857034702329361
-0.81	0.000192	0.915655351466985
-0.81	0.000198	0.968225588246564
-0.81	0.000204	1.02349327827844
-0.81	0.00021	1.07123617101851
-0.81	0.000216	1.1036958287129
-0.81	0.000222	1.12821477412345
-0.81	0.000228	1.13459814599591
-0.81	0.000234	1.13112574150228
-0.81	0.00024	1.11600229201453
-0.81	0.000246	1.0884919614289
-0.81	0.000252	1.05776448070013
-0.81	0.000258	1.02758286104908
-0.81	0.000264	0.989703270149748
-0.81	0.00027	0.955024990836109
-0.81	0.000276	0.917557989709775
-0.81	0.000282	0.877958385140431
-0.81	0.000288	0.850030301920109
-0.81	0.000294	0.82163730048256
-0.81	0.0003	0.788527824837191

-0.8095	-0.0003	1.01608241349347
-0.8095	-0.000294	1.01890850027655
-0.8095	-0.000288	1.0336126220543
-0.8095	-0.000282	1.05433679167711
-0.8095	-0.000276	1.08127982227105
-0.8095	-0.00027	1.11038520830475
-0.8095	-0.000264	1.11975804023413
-0.8095	-0.000258	1.12206101743187
-0.8095	-0.000252	1.11323028381939
-0.8095	-0.000246	1.08566491208675
-0.8095	-0.00024	1.06233832046239
-0.8095	-0.000234	1.030020334631
-0.8095	-0.000228	0.976271132440271
-0.8095	-0.000222	0.918425347021518
-0.8095	-0.000216	0.872889087626527
-0.8095	-0.00021	0.824847887663133
-0.8095	-0.000204	0.768322126978793
-0.8095	-0.000198	0.712328226457399
-0.8095	-0.000192	0.660051177800674
-0.8095	-0.000186	0.609947247778435
-0.8095	-0.00018	0.559830891940221
-0.8095	-0.000174	0.505697101829541
-0.8095	-0.000168	0.46027547500357
-0.8095	-0.000162	0.432963301243067
-0.8095	-0.000156	0.421334351463857
-0.8095	-0.00015	0.417484709550506
-0.8095	-0.000144	0.404615846551516
-0.8095	-0.000138	0.378800590481495
-0.8095	-0.000132	0.35834959203732
-0.8095	-0.000126	0.347029362656807
-0.8095	-0.00012	0.343397063237414
-0.8095	-0.000114	0.36257861527119
-0.8095	-0.000108	0.398303091863146
-0.8095	-0.000102	0.437066534909134
-0.8095	-9.6e-05	0.46670154968254
-0.8095	-9e-05	0.48982591543934
-0.8095	-8.4e-05	0.504498885142954
-0.8095	-7.8e-05	0.485715725053621
-0.8095	-7.2e-05	0.450339237080022
-0.8095	-6.6e-05	0.420210077156887
-0.8095	-6e-05	0.387740181285059
-0.8095	-5.4e-05	0.348009974329053
-0.8095	-4.8e-05	0.304207707649987
-0.8095	-4.2e-05	0.258684967890237
-0.8095	-3.6e-05	0.222696355088858
-0.8095	-3e-05	0.207465426630277
-0.8095	-2.4e-05	0.209705880948771
-0.8095	-1.8e-05	0.221935032899935
-0.8095	-1.2e-05	0.231196382464947
-0.8095	-5.99999999999998e-06	0.224988787841635
-0.8095	0	0.211217346463663
-0.8095	5.99999999999998e-06	0.198468541418118
-0.8095	1.2e-05	0.194446316221501
-0.8095	1.8e-05	0.203918489095572
-0.8095	2.4e-05	0.221833526192631
-0.8095	3e-05	0.242337006221843
-0.8095	3.6e-05	0.265383601208109
-0.8095	4.2e-05	0.288399612922228
-0.8095	4.8e-05	0.312941572345554
-0.8095	5.4e-05	0.341710717407055
-0.8095	6e-05	0.36772476475778
-0.8095	6.6e-05	0.378533522831275
-0.8095	7.2e-05	0.373187225747825
-0.8095	7.8e-05	0.357688573349813
-0.8095	8.4e-05	0.342336252504592
-0.8095	9e-05	0.335473020786435
-0.8095	9.6e-05	0.33508718591816
-0.8095	0.000102	0.342233651970975
-0.8095	0.000108	0.354777146560314
-0.8095	0.000114	0.371310357958323
-0.8095	0.00012	0.392223102553254
-0.8095	0.000126	0.412042812390828
-0.8095	0.000132	0.429652476188825
-0.8095	0.000138	0.452231855904521
-0.8095	0.000144	0.481595734008766
-0.8095	0.00015	0.514943575412618
-0.8095	0.000156	0.561823923659807
-0.8095	0.000162	0.615752381443062
-0.8095	0.000168	0.670320506498823
-0.8095	0.000174	0.727235230380174
-0.8095	0.00018	0.787599826021917
-0.8095	0.000186	0.853278691612864
-0.8095	0.000192	0.908627762023547
-0.8095	0.000198	0.955672096107803
-0.8095	0.000204	1.00974751985245
-0.8095	0.00021	1.06091302627629
-0.8095	0.000216	1.08685709087502
-0.8095	0.000222	1.10678749554635
-0.8095	0.000228	1.12164650254073
-0.8095	0.000234	1.11997697969576
-0.8095	0.00024	1.10616891714498
-0.8095	0.000246	1.08562885969479
-0.8095	0.000252	1.05313043692915
-0.8095	0.000258	1.01564470956814
-0.8095	0.000264	0.983852546001385
-0.8095	0.00027	0.945786042751185
-0.8095	0.000276	0.908555657263114
-0.8095	0.000282	0.875404003828505
-0.8095	0.000288	0.835467326988073
-0.8095	0.000294	0.801378136599437
-0.8095	0.0003	0.770851919179148

-0.809	-0.0003	1.04242209175074
-0.809	-0.000294	1.0423617127441
-0.809	-0.000288	1.05253802278513
-0.809	-0.000282	1.08024331628403
-0.809	-0.000276	1.10916791536415
-0.809	-0.00027	1.1242091093895
-0.809	-0.000264	1.13969133258269
-0.809	-0.000258	1.14679181434771
-0.809	-0.000252	1.14229165444468
-0.809	-0.000246	1.12421952258836
-0.809	-0.00024	1.09134438742027
-0.809	-0.000234	1.05400566978188
-0.809	-0.000228	1.00440975458745
-0.809	-0.000222	0.945624157053684
-0.809	-0.000216	0.892764101131499
-0.809	-0.00021	0.844816532364958
-0.809	-0.000204	0.790148081913074
-0.809	-0.000198	0.737361968393996
-0.809	-0.000192	0.683760825983918
-0.809	-0.000186	0.627512677408853
-0.809	-0.00018	0.579309591747958
-0.809	-0.000174	0.537011921363096
-0.809	-0.000168	0.497229954764848
-0.809	-0.000162	0.4705341717437
-0.809	-0.000156	0.45457075423403
-0.809	-0.00015	0.447208761437571
-0.809	-0.000144	0.434326291327866
-0.809	-0.000138	0.405773985611918
-0.809	-0.000132	0.377604211414092
-0.809	-0.000126	0.359266893287969
-0.809	-0.00012	0.35500004567305
-0.809	-0.000114	0.374499856244276
-0.809	-0.000108	0.41101203802052
-0.809	-0.000102	0.455077500221153
-0.809	-9.6e-05	0.499966654367939
-0.809	-9e-05	0.525531250147182
-0.809	-8.4e-05	0.524226101387656
-0.809	-7.8e-05	0.50216370581304
-0.809	-7.2e-05	0.468231238283699
-0.809	-6.6e-05	0.432182224627953
-0.809	-6e-05	0.397882976591998
-0.809	-5.4e-05	0.358375559380895
-0.809	-4.8e-05	0.312409012167405
-0.809	-4.2e-05	0.268289733899213
-0.809	-3.6e-05	0.231580379718736
-0.809	-3e-05	0.217014342076316
-0.809	-2.4e-05	0.220789932223425
-0.809	-1.8e-05	0.233036104050269
-0.809	-1.2e-05	0.242991461970271
-0.809	-5.99999999999998e-06	0.240335464576162
-0.809	0	0.224768054505607
-0.809	5.99999999999998e-06	0.209527172263528
-0.809	1.2e-05	0.205753682255984
-0.809	1.8e-05	0.213433321038421
-0.809	2.4e-05	0.231894481726538
-0.809	3e-05	0.253667123760456
-0.809	3.6e-05	0.276583597639598
-0.809	4.2e-05	0.30103382913884
-0.809	4.8e-05	0.326514572488007
-0.809	5.4e-05	0.355587668890573
-0.809	6e-05	0.381389317802899
-0.809	6.6e-05	0.389400253490235
-0.809	7.2e-05	0.377996149810778
-0.809	7.8e-05	0.36192868795237
-0.809	8.4e-05	0.34769814747049
-0.809	9e-05	0.339483826489726
-0.809	9.6e-05	0.340282229238639
-0.809	0.000102	0.346602990728188
-0.809	0.000108	0.357063607054267
-0.809	0.000114	0.373657525585903
-0.809	0.00012	0.392690952208931
-0.809	0.000126	0.411512877369519
-0.809	0.000132	0.428468872956743
-0.809	0.000138	0.448106045743996
-0.809	0.000144	0.478857634304801
-0.809	0.00015	0.513710093895215
-0.809	0.000156	0.554834180466287
-0.809	0.000162	0.608687733287363
-0.809	0.000168	0.66488014070021
-0.809	0.000174	0.725872109035184
-0.809	0.00018	0.795960128536126
-0.809	0.000186	0.854255168636075
-0.809	0.000192	0.902909084100457
-0.809	0.000198	0.956310363279434
-0.809	0.000204	1.00256854540933
-0.809	0.00021	1.03321210807794
-0.809	0.000216	1.06304422961843
-0.809	0.000222	1.08428687100564
-0.809	0.000228	1.0994379723271
-0.809	0.000234	1.1006757416226
-0.809	0.00024	1.08471923709484
-0.809	0.000246	1.06847947634007
-0.809	0.000252	1.04342280788967
-0.809	0.000258	1.00529522559414
-0.809	0.000264	0.971586772865664
-0.809	0.00027	0.93492359987032
-0.809	0.000276	0.895615477064837
-0.809	0.000282	0.865235044287706
-0.809	0.000288	0.831817285761951
-0.809	0.000294	0.79662919773906
-0.809	0.0003	0.771522651003338

-0.8085	-0.0003	1.09605639882858
-0.8085	-0.000294	1.09889622400605
-0.8085	-0.000288	1.11153599686493
-0.8085	-0.000282	1.1354390765769
-0.8085	-0.000276	1.16458147753815
-0.8085	-0.00027	1.18332381617789
-0.8085	-0.000264	1.19006744935562
-0.8085	-0.000258	1.1939599690969
-0.8085	-0.000252	1.18155164906157
-0.8085	-0.000246	1.16018107422925
-0.8085	-0.00024	1.13819043339572
-0.8085	-0.000234	1.09724962769838
-0.8085	-0.000228	1.04262177993693
-0.8085	-0.000222	0.991635747864767
-0.8085	-0.000216	0.935339777382719
-0.8085	-0.00021	0.880386145585671
-0.8085	-0.000204	0.833721061585233
-0.8085	-0.000198	0.777861569925569
-0.8085	-0.000192	0.7247531288501
-0.8085	-0.000186	0.672671305603544
-0.8085	-0.00018	0.622703184543909
-0.8085	-0.000174	0.577951414482018
-0.8085	-0.000168	0.536160490107769
-0.8085	-0.000162	0.505410082865192
-0.8085	-0.000156	0.489695925592406
-0.8085	-0.00015	0.478647401659554
-0.8085	-0.000144	0.464019672443819
-0.8085	-0.000138	0.44369601679738
-0.8085	-0.000132	0.419829689516067
-0.8085	-0.000126	0.403513973741076
-0.8085	-0.00012	0.403900136759829
-0.8085	-0.000114	0.421645697042883
-0.8085	-0.000108	0.45729380294169
-0.8085	-0.000102	0.510980526009704
-0.8085	-9.6e-05	0.556445993246171
-0.8085	-9e-05	0.584236429861215
-0.8085	-8.4e-05	0.582776920902341
-0.8085	-7.8e-05	0.554665294311397
-0.8085	-7.2e-05	0.522315806386523
-0.8085	-6.6e-05	0.486092437456073
-0.8085	-6e-05	0.446479794531025
-0.8085	-5.4e-05	0.405081377331962
-0.8085	-4.8e-05	0.35561534259314
-0.8085	-4.2e-05	0.298807397632179
-0.8085	-3.6e-05	0.25792648963845
-0.8085	-3e-05	0.24119560267136
-0.8085	-2.4e-05	0.244512990664681
-0.8085	-1.8e-05	0.261765587092745
-0.8085	-1.2e-05	0.276299181986711
-0.8085	-5.99999999999998e-06	0.272398327293771
-0.8085	0	0.256589554396189
-0.8085	5.99999999999998e-06	0.2415077576804
-0.8085	1.2e-05	0.241000989800919
-0.8085	1.8e-05	0.254279576741062
-0.8085	2.4e-05	0.277141643905275
-0.8085	3e-05	0.306431754627831
-0.8085	3.6e-05	0.332447289578394
-0.8085	4.2e-05	0.355082410479798
-0.8085	4.8e-05	0.380967802454367
-0.8085	5.4e-05	0.40632089674768
-0.8085	6e-05	0.422147236430574
-0.8085	6.6e-05	0.428695950479742
-0.8085	7.2e-05	0.420962101860918
-0.8085	7.8e-05	0.401611116739131
-0.8085	8.4e-05	0.384060956887663
-0.8085	9e-05	0.376021931848318
-0.8085	9.6e-05	0.371306638958728
-0.8085	0.000102	0.372569128649477
-0.8085	0.000108	0.380483939219821
-0.8085	0.000114	0.39704900273066
-0.8085	0.00012	0.415993479738993
-0.8085	0.000126	0.43034464692698
-0.8085	0.000132	0.448204358499517
-0.8085	0.000138	0.470200205908989
-0.8085	0.000144	0.495920255706845
-0.8085	0.00015	0.535009351528245
-0.8085	0.000156	0.580368717990657
-0.8085	0.000162	0.624084725865453
-0.8085	0.000168	0.67625729258466
-0.8085	0.000174	0.739652082233959
-0.8085	0.00018	0.799988282242084
-0.8085	0.000186	0.854848457840208
-0.8085	0.000192	0.905269552580633
-0.8085	0.000198	0.949525514871539
-0.8085	0.000204	0.989495706446057
-0.8085	0.00021	1.02339754694202
-0.8085	0.000216	1.05954049807623
-0.8085	0.000222	1.08881853300216
-0.8085	0.000228	1.09711066851468
-0.8085	0.000234	1.09815338742143
-0.8085	0.00024	1.0937278699602
-0.8085	0.000246	1.06988578177111
-0.8085	0.000252	1.04144377708486
-0.8085	0.000258	1.01854753890909
-0.8085	0.000264	0.983702823599478
-0.8085	0.00027	0.946183756525803
-0.8085	0.000276	0.914341014611541
-0.8085	0.000282	0.870788161274929
-0.8085	0.000288	0.836342384819386
-0.8085	0.000294	0.810586282653059
-0.8085	0.0003	0.785013680096126

-0.808	-0.0003	1.1499911132928
-0.808	-0.000294	1.15193234158542
-0.808	-0.000288	1.16480899257946
-0.808	-0.000282	1.18403086291442
-0.808	-0.000276	1.20939502668406
-0.808	-0.00027	1.22908899071506
-0.808	-0.000264	1.23203583546444
-0.808	-0.000258	1.23456125236424
-0.808	-0.000252	1.2240926730217
-0.808	-0.000246	1.20351630065916
-0.808	-0.00024	1.16623402424517
-0.808	-0.000234	1.11392236705859
-0.808	-0.000228	1.06696142599374
-0.808	-0.000222	1.01732175791126
-0.808	-0.000216	0.959332112990989
-0.808	-0.00021	0.90887820357866
-0.808	-0.000204	0.861787578948487
-0.808	-0.000198	0.80750669161623
-0.808	-0.000192	0.756891071527818
-0.808	-0.000186	0.709493257836523
-0.808	-0.00018	0.65622835642214
-0.808	-0.000174	0.604515457559502
-0.808	-0.000168	0.560334443968513
-0.808	-0.000162	0.531292368379895
-0.808	-0.000156	0.518009384270334
-0.808	-0.00015	0.508213768151739
-0.808	-0.000144	0.498275911391652
-0.808	-0.000138	0.483933188499664
-0.808	-0.000132	0.461839509614208
-0.808	-0.000126	0.449650172801732
-0.808	-0.00012	0.454487361238112
-0.808	-0.000114	0.475479079790675
-0.808	-0.000108	0.517695194775313
-0.808	-0.000102	0.574878036364922
-0.808	-9.6e-05	0.624258293579011
-0.808	-9e-05	0.651091548184018
-0.808	-8.4e-05	0.648602271175137
-0.808	-7.8e-05	0.617806360924299
-0.808	-7.2e-05	0.580382150126933
-0.808	-6.6e-05	0.551409772901063
-0.808	-6e-05	0.515344789427676
-0.808	-5.4e-05	0.463041007782079
-0.808	-4.8e-05	0.400298136223333
-0.808	-4.2e-05	0.33903444052485
-0.808	-3.6e-05	0.291895840858635
-0.808	-3e-05	0.268304128594563
-0.808	-2.4e-05	0.273156411764986
-0.808	-1.8e-05	0.293086532047069
-0.808	-1.2e-05	0.307617654889765
-0.808	-5.99999999999998e-06	0.306575964172187
-0.808	0	0.291313905520081
-0.808	5.99999999999998e-06	0.275264973006059
-0.808	1.2e-05	0.276349782203082
-0.808	1.8e-05	0.297627119619119
-0.808	2.4e-05	0.330065382160761
-0.808	3e-05	0.361609991873119
-0.808	3.6e-05	0.393627351605957
-0.808	4.2e-05	0.419309423893703
-0.808	4.8e-05	0.441102389134663
-0.808	5.4e-05	0.459292216282125
-0.808	6e-05	0.473735833325247
-0.808	6.6e-05	0.481304514765287
-0.808	7.2e-05	0.471728319411346
-0.808	7.8e-05	0.452803137416187
-0.808	8.4e-05	0.435680530811567
-0.808	9e-05	0.418951131444315
-0.808	9.6e-05	0.40896785917493
-0.808	0.000102	0.409776106344206
-0.808	0.000108	0.414760479501128
-0.808	0.000114	0.423836316809095
-0.808	0.00012	0.439725704416695
-0.808	0.000126	0.453005319522518
-0.808	0.000132	0.466968486072569
-0.808	0.000138	0.484283780429482
-0.808	0.000144	0.510612914204206
-0.808	0.00015	0.551620661847265
-0.808	0.000156	0.595427106913105
-0.808	0.000162	0.637903289090575
-0.808	0.000168	0.689389197952667
-0.808	0.000174	0.743096047332738
-0.808	0.00018	0.794883457376983
-0.808	0.000186	0.849360707676412
-0.808	0.000192	0.896983367467459
-0.808	0.000198	0.935655498238804
-0.808	0.000204	0.979770313707484
-0.808	0.00021	1.01793526094991
-0.808	0.000216	1.04846567864933
-0.808	0.000222	1.07613386969823
-0.808	0.000228	1.10131234619646
-0.808	0.000234	1.10459591319758
-0.808	0.00024	1.09623359804277
-0.808	0.000246	1.08745563043981
-0.808	0.000252	1.06105163544065
-0.808	0.000258	1.02655650571706
-0.808	0.000264	0.997897486687324
-0.808	0.00027	0.965338684938539
-0.808	0.000276	0.928118625150368
-0.808	0.000282	0.897801459033608
-0.808	0.000288	0.866847250824673
-0.808	0.000294	0.831149966655747
-0.808	0.0003	0.804078215032066

-0.8075	-0.0003	1.16387443080162
-0.8075	-0.000294	1.16307865320954
-0.8075	-0.000288	1.18208525932124
-0.8075	-0.000282	1.2161959761463
-0.8075	-0.000276	1.24134163797262
-0.8075	-0.00027	1.23407839545
-0.8075	-0.000264	1.22855083015691
-0.8075	-0.000258	1.22848380071223
-0.8075	-0.000252	1.22704879338945
-0.8075	-0.000246	1.20646087027105
-0.8075	-0.00024	1.16914087884384
-0.8075	-0.000234	1.11764521310732
-0.8075	-0.000228	1.06381664317839
-0.8075	-0.000222	1.01568697487984
-0.8075	-0.000216	0.965141971952022
-0.8075	-0.00021	0.909269091917308
-0.8075	-0.000204	0.863637538704209
-0.8075	-0.000198	0.821009271488374
-0.8075	-0.000192	0.772307052837473
-0.8075	-0.000186	0.716868113990757
-0.8075	-0.00018	0.661629432108735
-0.8075	-0.000174	0.618630140369417
-0.8075	-0.000168	0.578253178184552
-0.8075	-0.000162	0.549343367580362
-0.8075	-0.000156	0.53862517798159
-0.8075	-0.00015	0.529358621824194
-0.8075	-0.000144	0.519864944406061
-0.8075	-0.000138	0.514636167592341
-0.8075	-0.000132	0.503482330470069
-0.8075	-0.000126	0.499174464515269
-0.8075	-0.00012	0.513240975398856
-0.8075	-0.000114	0.542127684467825
-0.8075	-0.000108	0.586239568498056
-0.8075	-0.000102	0.647797567984037
-0.8075	-9.6e-05	0.69218435142076
-0.8075	-9e-05	0.711632686738995
-0.8075	-8.4e-05	0.703501211844515
-0.8075	-7.8e-05	0.676937737569022
-0.8075	-7.2e-05	0.64894914410536
-0.8075	-6.6e-05	0.614488579173894
-0.8075	-6e-05	0.569111449012395
-0.8075	-5.4e-05	0.515867242712059
-0.8075	-4.8e-05	0.449850867308225
-0.8075	-4.2e-05	0.381034481856213
-0.8075	-3.6e-05	0.327785462737018
-0.8075	-3e-05	0.302051871435053
-0.8075	-2.4e-05	0.308174432291268
-0.8075	-1.8e-05	0.334139126397436
-0.8075	-1.2e-05	0.350650833227893
-0.8075	-5.99999999999998e-06	0.346092000700707
-0.8075	0	0.32929154665455
-0.8075	5.99999999999998e-06	0.310087396233958
-0.8075	1.2e-05	0.309818359704364
-0.8075	1.8e-05	0.33917364036006
-0.8075	2.4e-05	0.382786391400285
-0.8075	3e-05	0.427736755829104
-0.8075	3.6e-05	0.4638481611086
-0.8075	4.2e-05	0.487540220637663
-0.8075	4.8e-05	0.50688000499944
-0.8075	5.4e-05	0.519974720418484
-0.8075	6e-05	0.526699146082003
-0.8075	6.6e-05	0.530667577082277
-0.8075	7.2e-05	0.521873070883179
-0.8075	7.8e-05	0.500252404515095
-0.8075	8.4e-05	0.480281047133976
-0.8075	9e-05	0.462884941200248
-0.8075	9.6e-05	0.450100127545109
-0.8075	0.000102	0.446267024204412
-0.8075	0.000108	0.445969854561582
-0.8075	0.000114	0.452081652246567
-0.8075	0.00012	0.461685411935242
-0.8075	0.000126	0.467778177103945
-0.8075	0.000132	0.477568892904717
-0.8075	0.000138	0.492811875279315
-0.8075	0.000144	0.515383773258086
-0.8075	0.00015	0.555254339475173
-0.8075	0.000156	0.599340496813342
-0.8075	0.000162	0.641163229539195
-0.8075	0.000168	0.691455078232605
-0.8075	0.000174	0.742413589731265
-0.8075	0.00018	0.790510005839603
-0.8075	0.000186	0.844990231338707
-0.8075	0.000192	0.891216823876159
-0.8075	0.000198	0.932398357991931
-0.8075	0.000204	0.971771147558659
-0.8075	0.00021	1.00728431955497
-0.8075	0.000216	1.04785226310965
-0.8075	0.000222	1.08600793475719
-0.8075	0.000228	1.10068352964113
-0.8075	0.000234	1.10681007201732
-0.8075	0.00024	1.11005154875165
-0.8075	0.000246	1.09152849959289
-0.8075	0.000252	1.06663791711912
-0.8075	0.000258	1.04412171656483
-0.8075	0.000264	1.0081339132146
-0.8075	0.00027	0.972956850906816
-0.8075	0.000276	0.94231626343789
-0.8075	0.000282	0.901008108455432
-0.8075	0.000288	0.870401998256176
-0.8075	0.000294	0.839480342198762
-0.8075	0.0003	0.809714725038695

-0.807	-0.0003	1.16009076825142
-0.807	-0.000294	1.16285043812954
-0.807	-0.000288	1.17546562185336
-0.807	-0.000282	1.18942874464219
-0.807	-0.000276	1.21428581240536
-0.807	-0.00027	1.23179694468868
-0.807	-0.000264	1.23248141490726
-0.807	-0.000258	1.23989831759055
-0.807	-0.000252	1.23472900096213
-0.807	-0.000246	1.20554267209142
-0.807	-0.00024	1.15910177788978
-0.807	-0.000234	1.09534173911842
-0.807	-0.000228	1.04353262763983
-0.807	-0.000222	0.989477155209313
-0.807	-0.000216	0.927240942138726
-0.807	-0.00021	0.875225754556279
-0.807	-0.000204	0.829515183624322
-0.807	-0.000198	0.784753700425749
-0.807	-0.000192	0.742719422452739
-0.807	-0.000186	0.698190923391799
-0.807	-0.00018	0.644926590755917
-0.807	-0.000174	0.595755209847429
-0.807	-0.000168	0.557210181245795
-0.807	-0.000162	0.53369081439367
-0.807	-0.000156	0.524140914510293
-0.807	-0.00015	0.52064812116074
-0.807	-0.000144	0.521421716038928
-0.807	-0.000138	0.517911159037267
-0.807	-0.000132	0.510946661279762
-0.807	-0.000126	0.5133911790803
-0.807	-0.00012	0.526393050840146
-0.807	-0.000114	0.556836444043019
-0.807	-0.000108	0.611210262509947
-0.807	-0.000102	0.670233263219631
-0.807	-9.6e-05	0.709522659790442
-0.807	-9e-05	0.723734867794732
-0.807	-8.4e-05	0.713123260249553
-0.807	-7.8e-05	0.683503252711226
-0.807	-7.2e-05	0.647236524673307
-0.807	-6.6e-05	0.613659855649726
-0.807	-6e-05	0.563091051147996
-0.807	-5.4e-05	0.505526859335004
-0.807	-4.8e-05	0.440277428371316
-0.807	-4.2e-05	0.372731320628586
-0.807	-3.6e-05	0.322025482061307
-0.807	-3e-05	0.301047130014926
-0.807	-2.4e-05	0.308807842906304
-0.807	-1.8e-05	0.335417892140455
-0.807	-1.2e-05	0.354592859389773
-0.807	-5.99999999999998e-06	0.348548484930042
-0.807	0	0.32636804406842
-0.807	5.99999999999998e-06	0.306812536049224
-0.807	1.2e-05	0.308488140530242
-0.807	1.8e-05	0.33856313438996
-0.807	2.4e-05	0.384052512568174
-0.807	3e-05	0.423878844617682
-0.807	3.6e-05	0.461621488950426
-0.807	4.2e-05	0.490072419235703
-0.807	4.8e-05	0.507934187186579
-0.807	5.4e-05	0.520842427773062
-0.807	6e-05	0.533672000636544
-0.807	6.6e-05	0.554985259207841
-0.807	7.2e-05	0.562800313184053
-0.807	7.8e-05	0.54427883912409
-0.807	8.4e-05	0.521945481901731
-0.807	9e-05	0.500239584918546
-0.807	9.6e-05	0.479853887644212
-0.807	0.000102	0.470127051067028
-0.807	0.000108	0.470098524196709
-0.807	0.000114	0.471594873085201
-0.807	0.00012	0.47623162951198
-0.807	0.000126	0.47577327423383
-0.807	0.000132	0.475061327179474
-0.807	0.000138	0.483327298458137
-0.807	0.000144	0.50463408158932
-0.807	0.00015	0.543433095747732
-0.807	0.000156	0.591550950746547
-0.807	0.000162	0.636479219983934
-0.807	0.000168	0.682007341341044
-0.807	0.000174	0.731740815641791
-0.807	0.00018	0.776152844514528
-0.807	0.000186	0.824737717893627
-0.807	0.000192	0.874006973992347
-0.807	0.000198	0.91129826350433
-0.807	0.000204	0.951236252946672
-0.807	0.00021	1.00052248518333
-0.807	0.000216	1.04465392674712
-0.807	0.000222	1.07768700983047
-0.807	0.000228	1.09903430815313
-0.807	0.000234	1.10902974371811
-0.807	0.00024	1.10676360644999
-0.807	0.000246	1.08422666704391
-0.807	0.000252	1.05741209491235
-0.807	0.000258	1.03605062067699
-0.807	0.000264	1.0029160308558
-0.807	0.00027	0.965052628533264
-0.807	0.000276	0.935337064703426
-0.807	0.000282	0.901018959172606
-0.807	0.000288	0.864837943029326
-0.807	0.000294	0.836600701891998
-0.807	0.0003	0.811875417833715

-0.8065	-0.0003	1.11715395563482
-0.8065	-0.000294	1.11397522056707
-0.8065	-0.000288	1.11794597048956
-0.8065	-0.000282	1.13822368558594
-0.8065	-0.000276	1.16811601113514
-0.8065	-0.00027	1.18710459105086
-0.8065	-0.000264	1.18541275423182
-0.8065	-0.000258	1.18663039721526
-0.8065	-0.000252	1.17860042901164
-0.8065	-0.000246	1.14877250775028
-0.8065	-0.00024	1.11569698435731
-0.8065	-0.000234	1.06988079393083
-0.8065	-0.000228	1.0033456842657
-0.8065	-0.000222	0.943902218242031
-0.8065	-0.000216	0.893878662278297
-0.8065	-0.00021	0.842745620507006
-0.8065	-0.000204	0.802823207101733
-0.8065	-0.000198	0.766177797781988
-0.8065	-0.000192	0.723614809867125
-0.8065	-0.000186	0.681500070336647
-0.8065	-0.00018	0.632932216809739
-0.8065	-0.000174	0.586499941949006
-0.8065	-0.000168	0.548962979939542
-0.8065	-0.000162	0.520645145984554
-0.8065	-0.000156	0.514293713723893
-0.8065	-0.00015	0.520278234217749
-0.8065	-0.000144	0.52286888668079
-0.8065	-0.000138	0.525462951861817
-0.8065	-0.000132	0.527943172034971
-0.8065	-0.000126	0.532643107646646
-0.8065	-0.00012	0.551420404859082
-0.8065	-0.000114	0.590395086870618
-0.8065	-0.000108	0.641769819619414
-0.8065	-0.000102	0.699843382599858
-0.8065	-9.6e-05	0.738634565001999
-0.8065	-9e-05	0.747132251577613
-0.8065	-8.4e-05	0.735986114951421
-0.8065	-7.8e-05	0.708832414170434
-0.8065	-7.2e-05	0.67704003182103
-0.8065	-6.6e-05	0.640075882684296
-0.8065	-6e-05	0.584583477789366
-0.8065	-5.4e-05	0.516458213017472
-0.8065	-4.8e-05	0.446483557268356
-0.8065	-4.2e-05	0.380146823210996
-0.8065	-3.6e-05	0.330076517267186
-0.8065	-3e-05	0.313893438388326
-0.8065	-2.4e-05	0.325992359855138
-0.8065	-1.8e-05	0.351797377771202
-0.8065	-1.2e-05	0.371826817105618
-0.8065	-5.99999999999998e-06	0.362301309443523
-0.8065	0	0.33355968495553
-0.8065	5.99999999999998e-06	0.312019895817846
-0.8065	1.2e-05	0.318401408178759
-0.8065	1.8e-05	0.351188162510653
-0.8065	2.4e-05	0.397587163288814
-0.8065	3e-05	0.444852755733418
-0.8065	3.6e-05	0.486937087013167
-0.8065	4.2e-05	0.514954557389983
-0.8065	4.8e-05	0.528140410062251
-0.8065	5.4e-05	0.536473017005024
-0.8065	6e-05	0.539441475689782
-0.8065	6.6e-05	0.540487301056395
-0.8065	7.2e-05	0.541160264280341
-0.8065	7.8e-05	0.527211317427713
-0.8065	8.4e-05	0.503703195049845
-0.8065	9e-05	0.483007902340195
-0.8065	9.6e-05	0.464997155810821
-0.8065	0.000102	0.453562206338834
-0.8065	0.000108	0.446834192935911
-0.8065	0.000114	0.44440936395261
-0.8065	0.00012	0.444764506157415
-0.8065	0.000126	0.440309017963764
-0.8065	0.000132	0.437146077668756
-0.8065	0.000138	0.446997434973059
-0.8065	0.000144	0.466760528588305
-0.8065	0.00015	0.500515490645339
-0.8065	0.000156	0.545539316174237
-0.8065	0.000162	0.587898984402277
-0.8065	0.000168	0.630468754015373
-0.8065	0.000174	0.680087683246064
-0.8065	0.00018	0.729058369624569
-0.8065	0.000186	0.774150624675534
-0.8065	0.000192	0.821619799327343
-0.8065	0.000198	0.86683710016968
-0.8065	0.000204	0.916614239836015
-0.8065	0.00021	0.964976936033427
-0.8065	0.000216	1.01225456053692
-0.8065	0.000222	1.06402726958072
-0.8065	0.000228	1.09077664991027
-0.8065	0.000234	1.09396133537737
-0.8065	0.00024	1.09379393682232
-0.8065	0.000246	1.07799634279239
-0.8065	0.000252	1.04617670238986
-0.8065	0.000258	1.02310221494187
-0.8065	0.000264	0.992132343196897
-0.8065	0.00027	0.951705371443031
-0.8065	0.000276	0.917829257639127
-0.8065	0.000282	0.885533585781812
-0.8065	0.000288	0.853494655874817
-0.8065	0.000294	0.824003894383505
-0.8065	0.0003	0.793160731027675

-0.806	-0.0003	1.03181735340276
-0.806	-0.000294	1.03054326919492
-0.806	-0.000288	1.04160049994415
-0.806	-0.000282	1.06006920801808
-0.806	-0.000276	1.08112266189344
-0.806	-0.00027	1.10257479212598
-0.806	-0.000264	1.10912906279393
-0.806	-0.000258	1.11658350544552
-0.806	-0.000252	1.11076227072655
-0.806	-0.000246	1.08496119056924
-0.806	-0.00024	1.05619200177
-0.806	-0.000234	1.00767442033247
-0.806	-0.000228	0.948273394641918
-0.806	-0.000222	0.89350317497879
-0.806	-0.000216	0.841658536148999
-0.806	-0.00021	0.798407402777184
-0.806	-0.000204	0.764064358091959
-0.806	-0.000198	0.729078189678507
-0.806	-0.000192	0.696150157264195
-0.806	-0.000186	0.664558819464119
-0.806	-0.00018	0.619246662368963
-0.806	-0.000174	0.565713643222832
-0.806	-0.000168	0.52188440287989
-0.806	-0.000162	0.499231518279397
-0.806	-0.000156	0.492112441539899
-0.806	-0.00015	0.496931472520107
-0.806	-0.000144	0.508816639255853
-0.806	-0.000138	0.516880822185269
-0.806	-0.000132	0.522328801004489
-0.806	-0.000126	0.532092608771481
-0.806	-0.00012	0.555647196693195
-0.806	-0.000114	0.593873616761522
-0.806	-0.000108	0.644424220045853
-0.806	-0.000102	0.689853809911777
-0.806	-9.6e-05	0.719494118783578
-0.806	-9e-05	0.732880140945066
-0.806	-8.4e-05	0.722556252402927
-0.806	-7.8e-05	0.701575734586885
-0.806	-7.2e-05	0.676028246205776
-0.806	-6.6e-05	0.638009214843213
-0.806	-6e-05	0.584293789883462
-0.806	-5.4e-05	0.511834626206587
-0.806	-4.8e-05	0.436181282661602
-0.806	-4.2e-05	0.370948521554248
-0.806	-3.6e-05	0.319992000803831
-0.806	-3e-05	0.29863603942602
-0.806	-2.4e-05	0.315504135456587
-0.806	-1.8e-05	0.34741987908375
-0.806	-1.2e-05	0.362444381407388
-0.806	-5.99999999999998e-06	0.351679244961743
-0.806	0	0.322454063520813
-0.806	5.99999999999998e-06	0.296312323353007
-0.806	1.2e-05	0.298470828509497
-0.806	1.8e-05	0.334018674665766
-0.806	2.4e-05	0.388704319991258
-0.806	3e-05	0.44357018349184
-0.806	3.6e-05	0.487601999721686
-0.806	4.2e-05	0.518895555339203
-0.806	4.8e-05	0.534975530536041
-0.806	5.4e-05	0.536138613652003
-0.806	6e-05	0.537426742535848
-0.806	6.6e-05	0.53772448095718
-0.806	7.2e-05	0.533175405327903
-0.806	7.8e-05	0.527927552260164
-0.806	8.4e-05	0.511144336825352
-0.806	9e-05	0.483140211085849
-0.806	9.6e-05	0.462892072941318
-0.806	0.000102	0.451738235795555
-0.806	0.000108	0.444306894679184
-0.806	0.000114	0.442002867399918
-0.806	0.00012	0.43688986073571
-0.806	0.000126	0.425667025289381
-0.806	0.000132	0.421000079371027
-0.806	0.000138	0.424817519152201
-0.806	0.000144	0.444930898415656
-0.806	0.00015	0.485349732108152
-0.806	0.000156	0.528290745003886
-0.806	0.000162	0.567969761072662
-0.806	0.000168	0.612571852493873
-0.806	0.000174	0.656161283239721
-0.806	0.00018	0.697002813622468
-0.806	0.000186	0.744572619928519
-0.806	0.000192	0.788615418135729
-0.806	0.000198	0.829844817896221
-0.806	0.000204	0.881300843548348
-0.806	0.00021	0.933418150384874
-0.806	0.000216	0.985546920478302
-0.806	0.000222	1.02687896453364
-0.806	0.000228	1.05288437067459
-0.806	0.000234	1.05376380380645
-0.806	0.00024	1.04054027988219
-0.806	0.000246	1.02435171001465
-0.806	0.000252	0.995688140686439
-0.806	0.000258	0.959049644325118
-0.806	0.000264	0.92735041186954
-0.806	0.00027	0.897011194299086
-0.806	0.000276	0.863902331216935
-0.806	0.000282	0.835056399836333
-0.806	0.000288	0.805131784679476
-0.806	0.000294	0.772082337997911
-0.806	0.0003	0.749057116295515

-0.8055	-0.0003	0.927578889469923
-0.8055	-0.000294	0.927670333004757
-0.8055	-0.000288	0.936437012395718
-0.8055	-0.000282	0.958492407489456
-0.8055	-0.000276	0.973378103758456
-0.8055	-0.00027	0.989051264560231
-0.8055	-0.000264	1.01455447503602
-0.8055	-0.000258	1.02422570168769
-0.8055	-0.000252	1.02230862498832
-0.8055	-0.000246	1.01603743552598
-0.8055	-0.00024	0.984785182637589
-0.8055	-0.000234	0.933025424427043
-0.8055	-0.000228	0.885617941360293
-0.8055	-0.000222	0.833834119055451
-0.8055	-0.000216	0.781063494050988
-0.8055	-0.00021	0.742346560310073
-0.8055	-0.000204	0.707742310875014
-0.8055	-0.000198	0.678428486077508
-0.8055	-0.000192	0.658137863862128
-0.8055	-0.000186	0.630037875526015
-0.8055	-0.00018	0.590139351217109
-0.8055	-0.000174	0.542138753944154
-0.8055	-0.000168	0.498767912640589
-0.8055	-0.000162	0.476427248702721
-0.8055	-0.000156	0.468340708014513
-0.8055	-0.00015	0.472932661495212
-0.8055	-0.000144	0.487344076406158
-0.8055	-0.000138	0.499650977249591
-0.8055	-0.000132	0.506574434821837
-0.8055	-0.000126	0.519801721483427
-0.8055	-0.00012	0.540269455414031
-0.8055	-0.000114	0.573379149818555
-0.8055	-0.000108	0.622238791367444
-0.8055	-0.000102	0.670130093907514
-0.8055	-9.6e-05	0.688194131487174
-0.8055	-9e-05	0.689867810826554
-0.8055	-8.4e-05	0.688903278339782
-0.8055	-7.8e-05	0.678189989058834
-0.8055	-7.2e-05	0.656331131953685
-0.8055	-6.6e-05	0.622367512373695
-0.8055	-6e-05	0.562376041395001
-0.8055	-5.4e-05	0.483433180449548
-0.8055	-4.8e-05	0.410598135669104
-0.8055	-4.2e-05	0.345171264863204
-0.8055	-3.6e-05	0.296835695435237
-0.8055	-3e-05	0.281713317921368
-0.8055	-2.4e-05	0.300570464151544
-0.8055	-1.8e-05	0.332288379080568
-0.8055	-1.2e-05	0.350523031042979
-0.8055	-5.99999999999998e-06	0.336886479827415
-0.8055	0	0.306955651750825
-0.8055	5.99999999999998e-06	0.282714865359175
-0.8055	1.2e-05	0.281349118833855
-0.8055	1.8e-05	0.310999644014235
-0.8055	2.4e-05	0.362980441825975
-0.8055	3e-05	0.423415851518601
-0.8055	3.6e-05	0.476962915340736
-0.8055	4.2e-05	0.513188996950479
-0.8055	4.8e-05	0.530146261378386
-0.8055	5.4e-05	0.529269103407508
-0.8055	6e-05	0.521910173333178
-0.8055	6.6e-05	0.522060158231978
-0.8055	7.2e-05	0.521631904946438
-0.8055	7.8e-05	0.512661905868655
-0.8055	8.4e-05	0.500348573369823
-0.8055	9e-05	0.481611485067253
-0.8055	9.6e-05	0.461367547178364
-0.8055	0.000102	0.445145900118536
-0.8055	0.000108	0.438500667195292
-0.8055	0.000114	0.432390794651945
-0.8055	0.00012	0.418874651406823
-0.8055	0.000126	0.408614204546473
-0.8055	0.000132	0.401093038755297
-0.8055	0.000138	0.403919825553575
-0.8055	0.000144	0.429244655473461
-0.8055	0.00015	0.467313127603036
-0.8055	0.000156	0.508600193690873
-0.8055	0.000162	0.553006928465214
-0.8055	0.000168	0.590627502229751
-0.8055	0.000174	0.624154949245475
-0.8055	0.00018	0.666338118298019
-0.8055	0.000186	0.711399921360516
-0.8055	0.000192	0.746127685202393
-0.8055	0.000198	0.784449967843839
-0.8055	0.000204	0.82952743444237
-0.8055	0.00021	0.88269638576118
-0.8055	0.000216	0.934529123792269
-0.8055	0.000222	0.964413223781141
-0.8055	0.000228	0.980721676578361
-0.8055	0.000234	0.985285103165252
-0.8055	0.00024	0.972342822827408
-0.8055	0.000246	0.947383373313264
-0.8055	0.000252	0.915895817365034
-0.8055	0.000258	0.876987420974771
-0.8055	0.000264	0.845754769357677
-0.8055	0.00027	0.82180137384208
-0.8055	0.000276	0.790675916818307
-0.8055	0.000282	0.76199020851395
-0.8055	0.000288	0.740697513819999
-0.8055	0.000294	0.717572929327533
-0.8055	0.0003	0.691379910773532

-0.805	-0.0003	0.835375970952204
-0.805	-0.000294	0.833602141214628
-0.805	-0.000288	0.842049687008029
-0.805	-0.000282	0.867282679612508
-0.805	-0.000276	0.884105316372551
-0.805	-0.00027	0.900270784728361
-0.805	-0.000264	0.925682639144794
-0.805	-0.000258	0.940641490255755
-0.805	-0.000252	0.946507877963641
-0.805	-0.000246	0.935934729184618
-0.805	-0.00024	0.906962001939403
-0.805	-0.000234	0.870650077151341
-0.805	-0.000228	0.824146791325951
-0.805	-0.000222	0.770897159667028
-0.805	-0.000216	0.727844533139687
-0.805	-0.00021	0.691393211649618
-0.805	-0.000204	0.659797804807113
-0.805	-0.000198	0.643929374857432
-0.805	-0.000192	0.631454200398837
-0.805	-0.000186	0.603331023028538
-0.805	-0.00018	0.566728185255116
-0.805	-0.000174	0.52148292634445
-0.805	-0.000168	0.472656668245966
-0.805	-0.000162	0.444794039371525
-0.805	-0.000156	0.436591115994077
-0.805	-0.00015	0.443639706833171
-0.805	-0.000144	0.460981777940184
-0.805	-0.000138	0.473732989385762
-0.805	-0.000132	0.483741025788135
-0.805	-0.000126	0.494233494227044
-0.805	-0.00012	0.510343352657337
-0.805	-0.000114	0.544489465549911
-0.805	-0.000108	0.584410128834964
-0.805	-0.000102	0.615430972684518
-0.805	-9.6e-05	0.635688517731102
-0.805	-9e-05	0.642975299307261
-0.805	-8.4e-05	0.641951394134151
-0.805	-7.8e-05	0.644012549094194
-0.805	-7.2e-05	0.635014723208273
-0.805	-6.6e-05	0.599642129232197
-0.805	-6e-05	0.536373391671082
-0.805	-5.4e-05	0.45715501877941
-0.805	-4.8e-05	0.381959811776909
-0.805	-4.2e-05	0.315931644965697
-0.805	-3.6e-05	0.271246816826034
-0.805	-3e-05	0.262283949489319
-0.805	-2.4e-05	0.285280206756107
-0.805	-1.8e-05	0.318275399851802
-0.805	-1.2e-05	0.336656602126158
-0.805	-5.99999999999998e-06	0.322980870213387
-0.805	0	0.281900120880916
-0.805	5.99999999999998e-06	0.248921641402782
-0.805	1.2e-05	0.248209869346354
-0.805	1.8e-05	0.278853585167505
-0.805	2.4e-05	0.336558770673664
-0.805	3e-05	0.397914828704828
-0.805	3.6e-05	0.454963523953088
-0.805	4.2e-05	0.49768682244316
-0.805	4.8e-05	0.515609144398602
-0.805	5.4e-05	0.516956645968786
-0.805	6e-05	0.511102027775921
-0.805	6.6e-05	0.501667460523745
-0.805	7.2e-05	0.498753036665701
-0.805	7.8e-05	0.496386792784102
-0.805	8.4e-05	0.483559670056042
-0.805	9e-05	0.466792030681789
-0.805	9.6e-05	0.450138848831648
-0.805	0.000102	0.434434404719034
-0.805	0.000108	0.427177200094721
-0.805	0.000114	0.423279955033543
-0.805	0.00012	0.409424945635887
-0.805	0.000126	0.394749613272325
-0.805	0.000132	0.385188512652428
-0.805	0.000138	0.391095503027263
-0.805	0.000144	0.418557749209019
-0.805	0.00015	0.453456630605542
-0.805	0.000156	0.492193034381048
-0.805	0.000162	0.532874604184442
-0.805	0.000168	0.565752670790979
-0.805	0.000174	0.598518905006754
-0.805	0.00018	0.637213349752175
-0.805	0.000186	0.670573748232194
-0.805	0.000192	0.704039897443432
-0.805	0.000198	0.740463085843755
-0.805	0.000204	0.776004084671695
-0.805	0.00021	0.818842628294003
-0.805	0.000216	0.868991492546003
-0.805	0.000222	0.895634553318856
-0.805	0.000228	0.90347953428975
-0.805	0.000234	0.89520507495386
-0.805	0.00024	0.877262276643526
-0.805	0.000246	0.853604125605631
-0.805	0.000252	0.82087871286294
-0.805	0.000258	0.793686815789198
-0.805	0.000264	0.773351346866511
-0.805	0.00027	0.745277566525486
-0.805	0.000276	0.719191917562734
-0.805	0.000282	0.699744894846409
-0.805	0.000288	0.67712613751973
-0.805	0.000294	0.653494019455506
-0.805	0.0003	0.634395663527362

-0.8045	-0.0003	0.750691286787212
-0.8045	-0.000294	0.752749685330224
-0.8045	-0.000288	0.756813716406726
-0.8045	-0.000282	0.770820417085664
-0.8045	-0.000276	0.795478671722754
-0.8045	-0.00027	0.81707299883556
-0.8045	-0.000264	0.834954893121981
-0.8045	-0.000258	0.850790464662021
-0.8045	-0.000252	0.85638785957805
-0.8045	-0.000246	0.854736450451518
-0.8045	-0.00024	0.841252771835464
-0.8045	-0.000234	0.806810933138671
-0.8045	-0.000228	0.764012467166037
-0.8045	-0.000222	0.722278902814034
-0.8045	-0.000216	0.677669023397778
-0.8045	-0.00021	0.6429105887613
-0.8045	-0.000204	0.624193670555503
-0.8045	-0.000198	0.611059052508203
-0.8045	-0.000192	0.600601761401145
-0.8045	-0.000186	0.581762247586376
-0.8045	-0.00018	0.553947659378073
-0.8045	-0.000174	0.515223506420613
-0.8045	-0.000168	0.470228207762034
-0.8045	-0.000162	0.436852670786746
-0.8045	-0.000156	0.42576420046441
-0.8045	-0.00015	0.428807039070585
-0.8045	-0.000144	0.44299518298058
-0.8045	-0.000138	0.45891279120038
-0.8045	-0.000132	0.466338575697973
-0.8045	-0.000126	0.474746218839627
-0.8045	-0.00012	0.493486194842908
-0.8045	-0.000114	0.51822298589583
-0.8045	-0.000108	0.54917246878487
-0.8045	-0.000102	0.579245493765214
-0.8045	-9.6e-05	0.589158017613813
-0.8045	-9e-05	0.590682893396113
-0.8045	-8.4e-05	0.602055538743313
-0.8045	-7.8e-05	0.616699325275653
-0.8045	-7.2e-05	0.606257697704629
-0.8045	-6.6e-05	0.569465584920389
-0.8045	-6e-05	0.510427445715436
-0.8045	-5.4e-05	0.430970444544899
-0.8045	-4.8e-05	0.35000720632777
-0.8045	-4.2e-05	0.289016681831407
-0.8045	-3.6e-05	0.247971175460883
-0.8045	-3e-05	0.238978971800346
-0.8045	-2.4e-05	0.268040954965355
-0.8045	-1.8e-05	0.305885543530761
-0.8045	-1.2e-05	0.322051143146762
-0.8045	-5.99999999999998e-06	0.308757373950123
-0.8045	0	0.271846034560649
-0.8045	5.99999999999998e-06	0.238291329491799
-0.8045	1.2e-05	0.230236794047829
-0.8045	1.8e-05	0.258317159194453
-0.8045	2.4e-05	0.313773271069398
-0.8045	3e-05	0.37786432234466
-0.8045	3.6e-05	0.442450984524112
-0.8045	4.2e-05	0.492746508455889
-0.8045	4.8e-05	0.519255160367011
-0.8045	5.4e-05	0.519250872588916
-0.8045	6e-05	0.506617356410996
-0.8045	6.6e-05	0.491229945732887
-0.8045	7.2e-05	0.481465525426167
-0.8045	7.8e-05	0.480822445412187
-0.8045	8.4e-05	0.475325332131054
-0.8045	9e-05	0.459390266493775
-0.8045	9.6e-05	0.447759391596417
-0.8045	0.000102	0.439296138529246
-0.8045	0.000108	0.429007602316888
-0.8045	0.000114	0.419733958179648
-0.8045	0.00012	0.411032864394758
-0.8045	0.000126	0.397530328283841
-0.8045	0.000132	0.387381013799051
-0.8045	0.000138	0.391853478130644
-0.8045	0.000144	0.413490770593836
-0.8045	0.00015	0.449676643293713
-0.8045	0.000156	0.491942942845281
-0.8045	0.000162	0.523757070390261
-0.8045	0.000168	0.550137832594015
-0.8045	0.000174	0.581290678931105
-0.8045	0.00018	0.610512928910097
-0.8045	0.000186	0.635854778705663
-0.8045	0.000192	0.664051242178114
-0.8045	0.000198	0.691761435971354
-0.8045	0.000204	0.724693362383189
-0.8045	0.00021	0.757506324686681
-0.8045	0.000216	0.786007833295972
-0.8045	0.000222	0.813505738089116
-0.8045	0.000228	0.822564074241867
-0.8045	0.000234	0.80917761453858
-0.8045	0.00024	0.792487111502774
-0.8045	0.000246	0.767201440411226
-0.8045	0.000252	0.736521737851699
-0.8045	0.000258	0.717522875997305
-0.8045	0.000264	0.697915980224081
-0.8045	0.00027	0.674084305233855
-0.8045	0.000276	0.657811161028677
-0.8045	0.000282	0.636626973506467
-0.8045	0.000288	0.61615040149929
-0.8045	0.000294	0.600711318654413
-0.8045	0.0003	0.585195230707791

-0.804	-0.0003	0.685386945960188
-0.804	-0.000294	0.687058437661039
-0.804	-0.000288	0.693560204863335
-0.804	-0.000282	0.708395235285868
-0.804	-0.000276	0.731684024398045
-0.804	-0.00027	0.754284886788934
-0.804	-0.000264	0.768788882838695
-0.804	-0.000258	0.781690910505445
-0.804	-0.000252	0.785590955744881
-0.804	-0.000246	0.784526010363022
-0.804	-0.00024	0.777952225922747
-0.804	-0.000234	0.749834867691607
-0.804	-0.000228	0.711051429570264
-0.804	-0.000222	0.672729059406364
-0.804	-0.000216	0.634458361432721
-0.804	-0.00021	0.606088023988594
-0.804	-0.000204	0.592511939255142
-0.804	-0.000198	0.585427296047577
-0.804	-0.000192	0.584627974477327
-0.804	-0.000186	0.581963467133633
-0.804	-0.00018	0.556953176751604
-0.804	-0.000174	0.516763433199219
-0.804	-0.000168	0.472747849283907
-0.804	-0.000162	0.437478030862865
-0.804	-0.000156	0.424635594641608
-0.804	-0.00015	0.429325773355374
-0.804	-0.000144	0.442236070320196
-0.804	-0.000138	0.456081235320979
-0.804	-0.000132	0.461889256662828
-0.804	-0.000126	0.468396142942102
-0.804	-0.00012	0.485494291671854
-0.804	-0.000114	0.505587675859953
-0.804	-0.000108	0.524009655822676
-0.804	-0.000102	0.541210798866617
-0.804	-9.6e-05	0.549260455863981
-0.804	-9e-05	0.556693372079154
-0.804	-8.4e-05	0.578732403598168
-0.804	-7.8e-05	0.599293724964398
-0.804	-7.2e-05	0.596181406778119
-0.804	-6.6e-05	0.564341421280887
-0.804	-6e-05	0.500614153420206
-0.804	-5.4e-05	0.416980413722295
-0.804	-4.8e-05	0.340045351103483
-0.804	-4.2e-05	0.280136419952954
-0.804	-3.6e-05	0.240978828979392
-0.804	-3e-05	0.231425910135113
-0.804	-2.4e-05	0.261883085493608
-0.804	-1.8e-05	0.307973628416943
-0.804	-1.2e-05	0.328921528451367
-0.804	-5.99999999999998e-06	0.315847726905526
-0.804	0	0.27267311733243
-0.804	5.99999999999998e-06	0.228154965840259
-0.804	1.2e-05	0.220175510365793
-0.804	1.8e-05	0.247348003023294
-0.804	2.4e-05	0.303237881064819
-0.804	3e-05	0.367963786793728
-0.804	3.6e-05	0.439656881114056
-0.804	4.2e-05	0.502409334549293
-0.804	4.8e-05	0.537827300249951
-0.804	5.4e-05	0.544365338603364
-0.804	6e-05	0.523486633759792
-0.804	6.6e-05	0.496656879371735
-0.804	7.2e-05	0.485435662785434
-0.804	7.8e-05	0.481855276184323
-0.804	8.4e-05	0.478034686182056
-0.804	9e-05	0.4740937757318
-0.804	9.6e-05	0.465615559167288
-0.804	0.000102	0.451636597821013
-0.804	0.000108	0.444218776339882
-0.804	0.000114	0.437002436926391
-0.804	0.00012	0.421275547579509
-0.804	0.000126	0.407263465279722
-0.804	0.000132	0.400298092462107
-0.804	0.000138	0.404104068986379
-0.804	0.000144	0.423369867230802
-0.804	0.00015	0.459134968382066
-0.804	0.000156	0.496566748415321
-0.804	0.000162	0.524950955537525
-0.804	0.000168	0.549853045029423
-0.804	0.000174	0.571054383687504
-0.804	0.00018	0.590485961626951
-0.804	0.000186	0.613462661360183
-0.804	0.000192	0.635262014542293
-0.804	0.000198	0.652299259248132
-0.804	0.000204	0.676842662533558
-0.804	0.00021	0.702644355207111
-0.804	0.000216	0.723813535494244
-0.804	0.000222	0.740035970115217
-0.804	0.000228	0.742863106956332
-0.804	0.000234	0.735003074989132
-0.804	0.00024	0.717363878000515
-0.804	0.000246	0.692702998206585
-0.804	0.000252	0.675596186398189
-0.804	0.000258	0.658520176621095
-0.804	0.000264	0.639397625361954
-0.804	0.00027	0.626148987285362
-0.804	0.000276	0.611656629513921
-0.804	0.000282	0.59207616047145
-0.804	0.000288	0.577760126854088
-0.804	0.000294	0.565590347575168
-0.804	0.0003	0.549193688939682

-0.8035	-0.0003	0.648450404895927
-0.8035	-0.000294	0.648780214189244
-0.8035	-0.000288	0.65081804885491
-0.8035	-0.000282	0.662139328316951
-0.8035	-0.000276	0.68161872816338
-0.8035	-0.00027	0.70430438367455
-0.8035	-0.000264	0.718972146778732
-0.8035	-0.000258	0.726975381946498
-0.8035	-0.000252	0.737684864728888
-0.8035	-0.000246	0.735792289642126
-0.8035	-0.00024	0.720803642820163
-0.8035	-0.000234	0.703191353865327
-0.8035	-0.000228	0.672447290802674
-0.8035	-0.000222	0.634898340495544
-0.8035	-0.000216	0.604511301041598
-0.8035	-0.00021	0.579341443860788
-0.8035	-0.000204	0.566840367688713
-0.8035	-0.000198	0.574554046210765
-0.8035	-0.000192	0.585617708638887
-0.8035	-0.000186	0.592323801824816
-0.8035	-0.00018	0.576299392815758
-0.8035	-0.000174	0.537413091640417
-0.8035	-0.000168	0.492850421567925
-0.8035	-0.000162	0.458975226561868
-0.8035	-0.000156	0.441147323364424
-0.8035	-0.00015	0.444983401881307
-0.8035	-0.000144	0.458456667298497
-0.8035	-0.000138	0.466336825577753
-0.8035	-0.000132	0.473094415932522
-0.8035	-0.000126	0.480257070562134
-0.8035	-0.00012	0.490571289705328
-0.8035	-0.000114	0.510173810201492
-0.8035	-0.000108	0.526036946052777
-0.8035	-0.000102	0.531538872176259
-0.8035	-9.6e-05	0.537443324893218
-0.8035	-9e-05	0.546931445692573
-0.8035	-8.4e-05	0.572831582381838
-0.8035	-7.8e-05	0.60138253175814
-0.8035	-7.2e-05	0.602143482037707
-0.8035	-6.6e-05	0.569776142961759
-0.8035	-6e-05	0.502888253704789
-0.8035	-5.4e-05	0.414784849853542
-0.8035	-4.8e-05	0.334486174325587
-0.8035	-4.2e-05	0.273459947456609
-0.8035	-3.6e-05	0.234812777715584
-0.8035	-3e-05	0.233551075583633
-0.8035	-2.4e-05	0.266633358801273
-0.8035	-1.8e-05	0.311982727737751
-0.8035	-1.2e-05	0.340267178242334
-0.8035	-5.99999999999998e-06	0.326103054665408
-0.8035	0	0.27843311987701
-0.8035	5.99999999999998e-06	0.233061043197628
-0.8035	1.2e-05	0.21898523482915
-0.8035	1.8e-05	0.246746203869576
-0.8035	2.4e-05	0.301486868449725
-0.8035	3e-05	0.369607626684369
-0.8035	3.6e-05	0.447376116254886
-0.8035	4.2e-05	0.519076123533639
-0.8035	4.8e-05	0.564137532815564
-0.8035	5.4e-05	0.579902399672554
-0.8035	6e-05	0.563054036196961
-0.8035	6.6e-05	0.529690312497921
-0.8035	7.2e-05	0.50816690880383
-0.8035	7.8e-05	0.501707056893882
-0.8035	8.4e-05	0.49920281638766
-0.8035	9e-05	0.500227115341343
-0.8035	9.6e-05	0.497655145351747
-0.8035	0.000102	0.491010656228423
-0.8035	0.000108	0.4840742040617
-0.8035	0.000114	0.47241077701282
-0.8035	0.00012	0.458371130401787
-0.8035	0.000126	0.445243162792529
-0.8035	0.000132	0.432785533250378
-0.8035	0.000138	0.432790258546783
-0.8035	0.000144	0.451843855266584
-0.8035	0.00015	0.480461177786613
-0.8035	0.000156	0.514874577112051
-0.8035	0.000162	0.545635966331992
-0.8035	0.000168	0.563704160406067
-0.8035	0.000174	0.577159880930303
-0.8035	0.00018	0.592969069477326
-0.8035	0.000186	0.604719871065589
-0.8035	0.000192	0.61445838965883
-0.8035	0.000198	0.625706820560519
-0.8035	0.000204	0.640593085608021
-0.8035	0.00021	0.65968671621627
-0.8035	0.000216	0.672863249532429
-0.8035	0.000222	0.681616934305423
-0.8035	0.000228	0.685830075244104
-0.8035	0.000234	0.673831982298332
-0.8035	0.00024	0.657580495766275
-0.8035	0.000246	0.646850580413709
-0.8035	0.000252	0.63035679036442
-0.8035	0.000258	0.613128301768389
-0.8035	0.000264	0.604259021867301
-0.8035	0.00027	0.59441825275979
-0.8035	0.000276	0.582546693181738
-0.8035	0.000282	0.571933641774459
-0.8035	0.000288	0.56098238053909
-0.8035	0.000294	0.549505472060507
-0.8035	0.0003	0.533812491181305

-0.803	-0.0003	0.632272423225177
-0.803	-0.000294	0.631985054217993
-0.803	-0.000288	0.635152326052324
-0.803	-0.000282	0.645235179894423
-0.803	-0.000276	0.66095716894697
-0.803	-0.00027	0.679541209628612
-0.803	-0.000264	0.690232053651804
-0.803	-0.000258	0.698381992284064
-0.803	-0.000252	0.701131336462286
-0.803	-0.000246	0.698808714232028
-0.803	-0.00024	0.693664030476407
-0.803	-0.000234	0.673390559373408
-0.803	-0.000228	0.645409141388553
-0.803	-0.000222	0.617546818772231
-0.803	-0.000216	0.586666552966402
-0.803	-0.00021	0.567649752414991
-0.803	-0.000204	0.565450863350707
-0.803	-0.000198	0.574855591130655
-0.803	-0.000192	0.594082449305895
-0.803	-0.000186	0.611596688049082
-0.803	-0.00018	0.602526057340546
-0.803	-0.000174	0.572275526887895
-0.803	-0.000168	0.530846657676876
-0.803	-0.000162	0.493428966057363
-0.803	-0.000156	0.475843497613852
-0.803	-0.00015	0.47382145774441
-0.803	-0.000144	0.483055067969712
-0.803	-0.000138	0.495398546222381
-0.803	-0.000132	0.50100101647765
-0.803	-0.000126	0.508184891238584
-0.803	-0.00012	0.52165588151828
-0.803	-0.000114	0.53108952997261
-0.803	-0.000108	0.538000911724736
-0.803	-0.000102	0.543736915805116
-0.803	-9.6e-05	0.546391491252973
-0.803	-9e-05	0.558769928078338
-0.803	-8.4e-05	0.592054459037102
-0.803	-7.8e-05	0.626377814905091
-0.803	-7.2e-05	0.629650793709415
-0.803	-6.6e-05	0.597130363251311
-0.803	-6e-05	0.525446063246328
-0.803	-5.4e-05	0.435519563935403
-0.803	-4.8e-05	0.350847414977709
-0.803	-4.2e-05	0.283356873399269
-0.803	-3.6e-05	0.246553122360199
-0.803	-3e-05	0.242550214066765
-0.803	-2.4e-05	0.271005629020424
-0.803	-1.8e-05	0.318379969264793
-0.803	-1.2e-05	0.345213092609609
-0.803	-5.99999999999998e-06	0.336478221593741
-0.803	0	0.295732094396936
-0.803	5.99999999999998e-06	0.248860452966128
-0.803	1.2e-05	0.23283624084031
-0.803	1.8e-05	0.259736853024034
-0.803	2.4e-05	0.313892235177739
-0.803	3e-05	0.383860218619943
-0.803	3.6e-05	0.469638593796268
-0.803	4.2e-05	0.549888572357131
-0.803	4.8e-05	0.610877828036301
-0.803	5.4e-05	0.636570751041222
-0.803	6e-05	0.618571117725914
-0.803	6.6e-05	0.581986043628091
-0.803	7.2e-05	0.548717569985933
-0.803	7.8e-05	0.530700304255217
-0.803	8.4e-05	0.535004363687968
-0.803	9e-05	0.541328231637384
-0.803	9.6e-05	0.540819691768815
-0.803	0.000102	0.540333422136584
-0.803	0.000108	0.53516463054893
-0.803	0.000114	0.524053364972981
-0.803	0.00012	0.511918062963731
-0.803	0.000126	0.496750729327743
-0.803	0.000132	0.487886218507777
-0.803	0.000138	0.488821567823275
-0.803	0.000144	0.500332122272644
-0.803	0.00015	0.528699528278324
-0.803	0.000156	0.560299660417235
-0.803	0.000162	0.582674932908452
-0.803	0.000168	0.600219886160488
-0.803	0.000174	0.609385810687132
-0.803	0.00018	0.6119938330452
-0.803	0.000186	0.620192424859835
-0.803	0.000192	0.625745891889893
-0.803	0.000198	0.623646803157479
-0.803	0.000204	0.627075629760989
-0.803	0.00021	0.635402898844138
-0.803	0.000216	0.640001896543453
-0.803	0.000222	0.643643537211313
-0.803	0.000228	0.646795801787075
-0.803	0.000234	0.639482943499509
-0.803	0.00024	0.630167996633139
-0.803	0.000246	0.62071382808618
-0.803	0.000252	0.605489046905491
-0.803	0.000258	0.595135712671697
-0.803	0.000264	0.589647699964029
-0.803	0.00027	0.579730057038452
-0.803	0.000276	0.570752401225815
-0.803	0.000282	0.567001728345451
-0.803	0.000288	0.562071652535626
-0.803	0.000294	0.55092092184973
-0.803	0.0003	0.538932760823285

-0.8025	-0.0003	0.631579946205412
-0.8025	-0.000294	0.633049474559088
-0.8025	-0.000288	0.642430357027384
-0.8025	-0.000282	0.651595362732692
-0.8025	-0.000276	0.663541652228016
-0.8025	-0.00027	0.676996322694214
-0.8025	-0.000264	0.68299711926383
-0.8025	-0.000258	0.687173551533085
-0.8025	-0.000252	0.689362946219842
-0.8025	-0.000246	0.685429736289156
-0.8025	-0.00024	0.675143869018354
-0.8025	-0.000234	0.657263856112343
-0.8025	-0.000228	0.632464717173408
-0.8025	-0.000222	0.610072949847274
-0.8025	-0.000216	0.588084584174727
-0.8025	-0.00021	0.565823550471956
-0.8025	-0.000204	0.562600799995789
-0.8025	-0.000198	0.587943262331083
-0.8025	-0.000192	0.618969925319798
-0.8025	-0.000186	0.63984206722429
-0.8025	-0.00018	0.637268653396084
-0.8025	-0.000174	0.616215505802334
-0.8025	-0.000168	0.580825366933303
-0.8025	-0.000162	0.539365301910409
-0.8025	-0.000156	0.519432359581199
-0.8025	-0.00015	0.521404914945893
-0.8025	-0.000144	0.526502826852569
-0.8025	-0.000138	0.535900072895591
-0.8025	-0.000132	0.545162910053394
-0.8025	-0.000126	0.552760512167815
-0.8025	-0.00012	0.563517510575579
-0.8025	-0.000114	0.574239812954517
-0.8025	-0.000108	0.575361330820967
-0.8025	-0.000102	0.573457642496649
-0.8025	-9.6e-05	0.576107667646029
-0.8025	-9e-05	0.593080026807978
-0.8025	-8.4e-05	0.629379832038183
-0.8025	-7.8e-05	0.667503432813738
-0.8025	-7.2e-05	0.672102124231444
-0.8025	-6.6e-05	0.633782773028446
-0.8025	-6e-05	0.561919917493118
-0.8025	-5.4e-05	0.466875117419587
-0.8025	-4.8e-05	0.37679692680389
-0.8025	-4.2e-05	0.306411715814739
-0.8025	-3.6e-05	0.259551165752619
-0.8025	-3e-05	0.253879040895828
-0.8025	-2.4e-05	0.289476699730812
-0.8025	-1.8e-05	0.336792936153015
-0.8025	-1.2e-05	0.368485715037347
-0.8025	-5.99999999999998e-06	0.360462025383558
-0.8025	0	0.321307059590326
-0.8025	5.99999999999998e-06	0.280569245429329
-0.8025	1.2e-05	0.260437489950547
-0.8025	1.8e-05	0.279732230738221
-0.8025	2.4e-05	0.333222087667169
-0.8025	3e-05	0.405776173250447
-0.8025	3.6e-05	0.491664018157587
-0.8025	4.2e-05	0.582669113769292
-0.8025	4.8e-05	0.647216923378524
-0.8025	5.4e-05	0.671640968751546
-0.8025	6e-05	0.664415616240064
-0.8025	6.6e-05	0.633014603508845
-0.8025	7.2e-05	0.600008822216358
-0.8025	7.8e-05	0.58650991760607
-0.8025	8.4e-05	0.579653358218315
-0.8025	9e-05	0.571043401710139
-0.8025	9.6e-05	0.568564362855215
-0.8025	0.000102	0.560670816200909
-0.8025	0.000108	0.542901279346013
-0.8025	0.000114	0.526371349405798
-0.8025	0.00012	0.517884951065668
-0.8025	0.000126	0.507304101790565
-0.8025	0.000132	0.49293705230739
-0.8025	0.000138	0.48959201248037
-0.8025	0.000144	0.497416735855527
-0.8025	0.00015	0.519022569986461
-0.8025	0.000156	0.557307487681016
-0.8025	0.000162	0.586404429371742
-0.8025	0.000168	0.605387715212557
-0.8025	0.000174	0.62500511168361
-0.8025	0.00018	0.637849035504705
-0.8025	0.000186	0.631991748417262
-0.8025	0.000192	0.6228551821068
-0.8025	0.000198	0.62781877262722
-0.8025	0.000204	0.623368666030929
-0.8025	0.00021	0.615602702802382
-0.8025	0.000216	0.624253874540724
-0.8025	0.000222	0.626865309616777
-0.8025	0.000228	0.617082513094731
-0.8025	0.000234	0.612098358696964
-0.8025	0.00024	0.609481279479679
-0.8025	0.000246	0.6121349361062
-0.8025	0.000252	0.606920947791893
-0.8025	0.000258	0.594563993641721
-0.8025	0.000264	0.584887079111085
-0.8025	0.00027	0.579301891228387
-0.8025	0.000276	0.574810613163157
-0.8025	0.000282	0.564983801232686
-0.8025	0.000288	0.560721263288221
-0.8025	0.000294	0.562987488055306
-0.8025	0.0003	0.555430926149633

-0.802	-0.0003	0.656008891919747
-0.802	-0.000294	0.650946726123423
-0.802	-0.000288	0.653137520887564
-0.802	-0.000282	0.663493567800652
-0.802	-0.000276	0.685034210153067
-0.802	-0.00027	0.691850604368694
-0.802	-0.000264	0.687279827305069
-0.802	-0.000258	0.690755688254416
-0.802	-0.000252	0.69208122586987
-0.802	-0.000246	0.683732955391064
-0.802	-0.00024	0.672589837725775
-0.802	-0.000234	0.650775389786132
-0.802	-0.000228	0.623121680955029
-0.802	-0.000222	0.604333139268336
-0.802	-0.000216	0.591056280556054
-0.802	-0.00021	0.589037347146478
-0.802	-0.000204	0.600953797169574
-0.802	-0.000198	0.617031278446273
-0.802	-0.000192	0.638722430738251
-0.802	-0.000186	0.659866715608715
-0.802	-0.00018	0.657525323382558
-0.802	-0.000174	0.63048625517059
-0.802	-0.000168	0.594623978844297
-0.802	-0.000162	0.566501851555525
-0.802	-0.000156	0.551048111494916
-0.802	-0.00015	0.544171294511424
-0.802	-0.000144	0.549944576063221
-0.802	-0.000138	0.560422693544516
-0.802	-0.000132	0.567890874613995
-0.802	-0.000126	0.576167171569068
-0.802	-0.00012	0.592714208883927
-0.802	-0.000114	0.61232635501781
-0.802	-0.000108	0.62166370335722
-0.802	-0.000102	0.625537190605711
-0.802	-9.6e-05	0.628961948190281
-0.802	-9e-05	0.642312530499535
-0.802	-8.4e-05	0.669676857706342
-0.802	-7.8e-05	0.695200063234
-0.802	-7.2e-05	0.697355943210161
-0.802	-6.6e-05	0.665232132707412
-0.802	-6e-05	0.591485540185384
-0.802	-5.4e-05	0.491065478616284
-0.802	-4.8e-05	0.395860630440947
-0.802	-4.2e-05	0.326699800348754
-0.802	-3.6e-05	0.286215993613405
-0.802	-3e-05	0.281036351308577
-0.802	-2.4e-05	0.308407022671818
-0.802	-1.8e-05	0.351044718635085
-0.802	-1.2e-05	0.378546123668669
-0.802	-5.99999999999998e-06	0.373072943198151
-0.802	0	0.337516280834178
-0.802	5.99999999999998e-06	0.29805040698023
-0.802	1.2e-05	0.286111139811163
-0.802	1.8e-05	0.312679054993811
-0.802	2.4e-05	0.369296368604308
-0.802	3e-05	0.444421702246132
-0.802	3.6e-05	0.538335227578793
-0.802	4.2e-05	0.639371986168857
-0.802	4.8e-05	0.714655617768779
-0.802	5.4e-05	0.751108076839339
-0.802	6e-05	0.753781378521868
-0.802	6.6e-05	0.720889179740363
-0.802	7.2e-05	0.680018728683234
-0.802	7.8e-05	0.659308472476243
-0.802	8.4e-05	0.653221001405935
-0.802	9e-05	0.650192470019636
-0.802	9.6e-05	0.648688376873837
-0.802	0.000102	0.63781972107324
-0.802	0.000108	0.623061783251416
-0.802	0.000114	0.615721623149497
-0.802	0.00012	0.601322896574909
-0.802	0.000126	0.58627457080849
-0.802	0.000132	0.575427222661667
-0.802	0.000138	0.569733133850146
-0.802	0.000144	0.57540972150645
-0.802	0.00015	0.596133584871137
-0.802	0.000156	0.624448618647866
-0.802	0.000162	0.649618519589903
-0.802	0.000168	0.667724166156813
-0.802	0.000174	0.683144216485408
-0.802	0.00018	0.692945345485044
-0.802	0.000186	0.687685285336995
-0.802	0.000192	0.674514746181414
-0.802	0.000198	0.661154144453869
-0.802	0.000204	0.649520294333346
-0.802	0.00021	0.640560752215653
-0.802	0.000216	0.631609829415378
-0.802	0.000222	0.622591833432684
-0.802	0.000228	0.619453744793117
-0.802	0.000234	0.621967085896293
-0.802	0.00024	0.614951878531094
-0.802	0.000246	0.605362644797961
-0.802	0.000252	0.609734302453895
-0.802	0.000258	0.60564791364209
-0.802	0.000264	0.599031120113691
-0.802	0.00027	0.598673571487711
-0.802	0.000276	0.597004311163127
-0.802	0.000282	0.594091331143695
-0.802	0.000288	0.598150636923791
-0.802	0.000294	0.598379683302675
-0.802	0.0003	0.5810197610211

-0.8015	-0.0003	0.687521037003037
-0.8015	-0.000294	0.685635418635926
-0.8015	-0.000288	0.687221723459414
-0.8015	-0.000282	0.698832603304906
-0.8015	-0.000276	0.707048258756448
-0.8015	-0.00027	0.710705475461377
-0.8015	-0.000264	0.719283054839448
-0.8015	-0.000258	0.726237051922615
-0.8015	-0.000252	0.719271022780556
-0.8015	-0.000246	0.701983642801213
-0.8015	-0.00024	0.688421602767256
-0.8015	-0.000234	0.668623769361958
-0.8015	-0.000228	0.642507099608749
-0.8015	-0.000222	0.625985920246142
-0.8015	-0.000216	0.616595630922772
-0.8015	-0.00021	0.611568554935846
-0.8015	-0.000204	0.628098047334261
-0.8015	-0.000198	0.667772950622869
-0.8015	-0.000192	0.699414604273555
-0.8015	-0.000186	0.722445382571239
-0.8015	-0.00018	0.734049218198116
-0.8015	-0.000174	0.713550857257627
-0.8015	-0.000168	0.674963913363645
-0.8015	-0.000162	0.645356900443285
-0.8015	-0.000156	0.619801580282414
-0.8015	-0.00015	0.613027013813192
-0.8015	-0.000144	0.627706940236458
-0.8015	-0.000138	0.642459058919121
-0.8015	-0.000132	0.64936619665438
-0.8015	-0.000126	0.662189294124726
-0.8015	-0.00012	0.678788616122591
-0.8015	-0.000114	0.687459651676097
-0.8015	-0.000108	0.693391231185991
-0.8015	-0.000102	0.691031287723089
-0.8015	-9.6e-05	0.689942978309117
-0.8015	-9e-05	0.703727545544106
-0.8015	-8.4e-05	0.730135434540795
-0.8015	-7.8e-05	0.758117465088867
-0.8015	-7.2e-05	0.761443734896498
-0.8015	-6.6e-05	0.71897188428184
-0.8015	-6e-05	0.642255082954834
-0.8015	-5.4e-05	0.548316662228994
-0.8015	-4.8e-05	0.448985872656431
-0.8015	-4.2e-05	0.367835240808895
-0.8015	-3.6e-05	0.322394231447296
-0.8015	-3e-05	0.313910348872684
-0.8015	-2.4e-05	0.342019372175656
-0.8015	-1.8e-05	0.384549020377851
-0.8015	-1.2e-05	0.413536886141825
-0.8015	-5.99999999999998e-06	0.413604265582363
-0.8015	0	0.381793419518669
-0.8015	5.99999999999998e-06	0.348492524985179
-0.8015	1.2e-05	0.337036858506787
-0.8015	1.8e-05	0.358849031285446
-0.8015	2.4e-05	0.417206703660658
-0.8015	3e-05	0.496971637692236
-0.8015	3.6e-05	0.591322866926737
-0.8015	4.2e-05	0.705257190384038
-0.8015	4.8e-05	0.798810454411426
-0.8015	5.4e-05	0.848142539675696
-0.8015	6e-05	0.848582343740591
-0.8015	6.6e-05	0.81693946501045
-0.8015	7.2e-05	0.773185610909225
-0.8015	7.8e-05	0.746095570569181
-0.8015	8.4e-05	0.74043289632869
-0.8015	9e-05	0.735327808943207
-0.8015	9.6e-05	0.733791994944769
-0.8015	0.000102	0.733579530923255
-0.8015	0.000108	0.725946532717827
-0.8015	0.000114	0.71028781034914
-0.8015	0.00012	0.69575703754928
-0.8015	0.000126	0.676419440802543
-0.8015	0.000132	0.657880859367936
-0.8015	0.000138	0.654796061755165
-0.8015	0.000144	0.662100825766078
-0.8015	0.00015	0.66688809215591
-0.8015	0.000156	0.68186558197909
-0.8015	0.000162	0.708635963680809
-0.8015	0.000168	0.727362901328387
-0.8015	0.000174	0.73973206251189
-0.8015	0.00018	0.743947828630901
-0.8015	0.000186	0.730702428274366
-0.8015	0.000192	0.716608309318308
-0.8015	0.000198	0.703685892795629
-0.8015	0.000204	0.677577886121064
-0.8015	0.00021	0.647159519571561
-0.8015	0.000216	0.63706563999087
-0.8015	0.000222	0.628180302773176
-0.8015	0.000228	0.614459177219976
-0.8015	0.000234	0.618248746408296
-0.8015	0.00024	0.626696204702733
-0.8015	0.000246	0.631184463807061
-0.8015	0.000252	0.640461476924548
-0.8015	0.000258	0.639267154235484
-0.8015	0.000264	0.629746306263189
-0.8015	0.00027	0.624732443653385
-0.8015	0.000276	0.624591296831158
-0.8015	0.000282	0.617540693374952
-0.8015	0.000288	0.61503776544715
-0.8015	0.000294	0.615189806747778
-0.8015	0.0003	0.625810864932747

-0.801	-0.0003	0.731359465441897
-0.801	-0.000294	0.735777238645821
-0.801	-0.000288	0.736931002405673
-0.801	-0.000282	0.748881754700511
-0.801	-0.000276	0.754447472525127
-0.801	-0.00027	0.754659061510021
-0.801	-0.000264	0.770178824695011
-0.801	-0.000258	0.760665983500406
-0.801	-0.000252	0.739892810652389
-0.801	-0.000246	0.722473953226275
-0.801	-0.00024	0.702632191911517
-0.801	-0.000234	0.678749807313598
-0.801	-0.000228	0.654267439312276
-0.801	-0.000222	0.63452355323473
-0.801	-0.000216	0.630758616919206
-0.801	-0.00021	0.641652824390447
-0.801	-0.000204	0.675485010308382
-0.801	-0.000198	0.723486745138339
-0.801	-0.000192	0.761808459001285
-0.801	-0.000186	0.78897716704084
-0.801	-0.00018	0.799282810627843
-0.801	-0.000174	0.78391364490487
-0.801	-0.000168	0.756421603012112
-0.801	-0.000162	0.7351884122412
-0.801	-0.000156	0.72077896618614
-0.801	-0.00015	0.714291462442493
-0.801	-0.000144	0.722406573762247
-0.801	-0.000138	0.734172732604935
-0.801	-0.000132	0.738643928119336
-0.801	-0.000126	0.75302699115789
-0.801	-0.00012	0.768100999878634
-0.801	-0.000114	0.776031473985012
-0.801	-0.000108	0.779495040378574
-0.801	-0.000102	0.77485732139272
-0.801	-9.6e-05	0.770181187354958
-0.801	-9e-05	0.788178501748056
-0.801	-8.4e-05	0.81628894702077
-0.801	-7.8e-05	0.832138869518423
-0.801	-7.2e-05	0.827951980312567
-0.801	-6.6e-05	0.790068189134106
-0.801	-6e-05	0.712587943607394
-0.801	-5.4e-05	0.60875148125076
-0.801	-4.8e-05	0.507736424118534
-0.801	-4.2e-05	0.423851367805401
-0.801	-3.6e-05	0.37146996851833
-0.801	-3e-05	0.363797877114659
-0.801	-2.4e-05	0.38817000969289
-0.801	-1.8e-05	0.428392961697752
-0.801	-1.2e-05	0.462014127409294
-0.801	-5.99999999999998e-06	0.464581459577958
-0.801	0	0.435980413133691
-0.801	5.99999999999998e-06	0.406396414226098
-0.801	1.2e-05	0.398665759589594
-0.801	1.8e-05	0.417985155118932
-0.801	2.4e-05	0.477127163698185
-0.801	3e-05	0.555510075128682
-0.801	3.6e-05	0.651158052587936
-0.801	4.2e-05	0.757951641609128
-0.801	4.8e-05	0.865573866679013
-0.801	5.4e-05	0.935196267900545
-0.801	6e-05	0.949302550152197
-0.801	6.6e-05	0.922848589345255
-0.801	7.2e-05	0.878639617662448
-0.801	7.8e-05	0.834585618718718
-0.801	8.4e-05	0.822073254287669
-0.801	9e-05	0.828145368103552
-0.801	9.6e-05	0.826808717250543
-0.801	0.000102	0.828703654997252
-0.801	0.000108	0.82822876109947
-0.801	0.000114	0.817313377234644
-0.801	0.00012	0.802886736305976
-0.801	0.000126	0.781101821580443
-0.801	0.000132	0.762450751454119
-0.801	0.000138	0.75189921663397
-0.801	0.000144	0.741397472576689
-0.801	0.00015	0.744606484658461
-0.801	0.000156	0.762285278017215
-0.801	0.000162	0.778832971633028
-0.801	0.000168	0.796296063226722
-0.801	0.000174	0.806521113996065
-0.801	0.00018	0.80921034171152
-0.801	0.000186	0.794640366298605
-0.801	0.000192	0.767394653180793
-0.801	0.000198	0.742480444154529
-0.801	0.000204	0.709437254153923
-0.801	0.00021	0.6784761767243
-0.801	0.000216	0.647196928303169
-0.801	0.000222	0.639390974923911
-0.801	0.000228	0.64150441459045
-0.801	0.000234	0.642168277217441
-0.801	0.00024	0.64642188958637
-0.801	0.000246	0.655868401374986
-0.801	0.000252	0.664790272264178
-0.801	0.000258	0.668152988244343
-0.801	0.000264	0.663049038439352
-0.801	0.00027	0.656932034178424
-0.801	0.000276	0.660819391081502
-0.801	0.000282	0.666286533653705
-0.801	0.000288	0.670916595881215
-0.801	0.000294	0.663460796889975
-0.801	0.0003	0.650238279286017
