# qdac_RB_set	qdac_bias_right_set	lockin4_conductance
# "Right Barrier"	"DCbias_right"	"Conductance dIR/dVR"
# 19	101
-0.84	-0.0003	0.0370655601401375
-0.84	-0.000294	0.0382240874868818
-0.84	-0.000288	0.0393214291499603
-0.84	-0.000282	0.038599405259201
-0.84	-0.000276	0.0387480420373837
-0.84	-0.00027	0.0378569624434063
-0.84	-0.000264	0.0381742502097999
-0.84	-0.000258	0.0372674879404186
-0.84	-0.000252	0.037485937922272
-0.84	-0.000246	0.0366828262539411
-0.84	-0.00024	0.0367096905288433
-0.84	-0.000234	0.0365220015630062
-0.84	-0.000228	0.0365242001453661
-0.84	-0.000222	0.0368874940754739
-0.84	-0.000216	0.0372743790205789
-0.84	-0.00021	0.0384226052939773
-0.84	-0.000204	0.039519873124373
-0.84	-0.000198	0.0408633193301527
-0.84	-0.000192	0.0412466384141189
-0.84	-0.000186	0.0422982036141194
-0.84	-0.00018	0.0414539150037593
-0.84	-0.000174	0.0412356646416903
-0.84	-0.000168	0.039603498571565
-0.84	-0.000162	0.0387059736300698
-0.84	-0.000156	0.036898344792648
-0.84	-0.00015	0.0361384199610072
-0.84	-0.000144	0.0347105224704971
-0.84	-0.000138	0.0342002926551567
-0.84	-0.000132	0.0330826578564932
-0.84	-0.000126	0.0319806182272226
-0.84	-0.00012	0.031622878179348
-0.84	-0.000114	0.0306366114361334
-0.84	-0.000108	0.030847071047821
-0.84	-0.000102	0.0297265212111859
-0.84	-9.6e-05	0.0302138627938129
-0.84	-9e-05	0.0303267343152254
-0.84	-8.4e-05	0.032169945192459
-0.84	-7.8e-05	0.0345280729120929
-0.84	-7.2e-05	0.0373757079816659
-0.84	-6.6e-05	0.0376224633522323
-0.84	-6e-05	0.0367535090493299
-0.84	-5.4e-05	0.0334395501932631
-0.84	-4.8e-05	0.0298996185890371
-0.84	-4.2e-05	0.0266451445213369
-0.84	-3.6e-05	0.0251707076261103
-0.84	-3e-05	0.0253024639890425
-0.84	-2.4e-05	0.0252425362022293
-0.84	-1.8e-05	0.0264867070981119
-0.84	-1.2e-05	0.0265594107319918
-0.84	-5.99999999999998e-06	0.0263589185747809
-0.84	0	0.0254575215022828
-0.84	5.99999999999998e-06	0.0243280816252609
-0.84	1.2e-05	0.0227004590204723
-0.84	1.8e-05	0.0217546226837629
-0.84	2.4e-05	0.0206228556997953
-0.84	3e-05	0.019614723449108
-0.84	3.6e-05	0.0185580870165628
-0.84	4.2e-05	0.0175548933734803
-0.84	4.8e-05	0.0177428106754395
-0.84	5.4e-05	0.0181747829737273
-0.84	6e-05	0.0191299113306953
-0.84	6.6e-05	0.0191710499869362
-0.84	7.2e-05	0.019405197687908
-0.84	7.8e-05	0.0184280602591602
-0.84	8.4e-05	0.0181454521291011
-0.84	9e-05	0.0184467659875991
-0.84	9.6e-05	0.0189907716665847
-0.84	0.000102	0.0197815053699504
-0.84	0.000108	0.0203002738340661
-0.84	0.000114	0.0210070060875772
-0.84	0.00012	0.0204023602681651
-0.84	0.000126	0.0206002969823081
-0.84	0.000132	0.0201382240620311
-0.84	0.000138	0.0211797780526702
-0.84	0.000144	0.0217119444725611
-0.84	0.00015	0.0246453311082151
-0.84	0.000156	0.0257076431118548
-0.84	0.000162	0.0279692628894993
-0.84	0.000168	0.0294272213526358
-0.84	0.000174	0.0295318071708018
-0.84	0.00018	0.030428213678223
-0.84	0.000186	0.0301902471710534
-0.84	0.000192	0.0314626086029819
-0.84	0.000198	0.0313630871825757
-0.84	0.000204	0.0325655889177599
-0.84	0.00021	0.0322911215611865
-0.84	0.000216	0.0330694718283767
-0.84	0.000222	0.0324415303284575
-0.84	0.000228	0.033074878045244
-0.84	0.000234	0.0331813479709696
-0.84	0.00024	0.0337555827969999
-0.84	0.000246	0.0334801802209619
-0.84	0.000252	0.0337702427492771
-0.84	0.000258	0.0334996529920982
-0.84	0.000264	0.0324861856232656
-0.84	0.00027	0.0327993824948034
-0.84	0.000276	0.0318470789337209
-0.84	0.000282	0.0321873533756222
-0.84	0.000288	0.0314237286884558
-0.84	0.000294	0.0315611565204841
-0.84	0.0003	0.0310448532599342

-0.839666666666667	-0.0003	0.0389149347074854
-0.839666666666667	-0.000294	0.0414596548347978
-0.839666666666667	-0.000288	0.0422394216033385
-0.839666666666667	-0.000282	0.0420873721024723
-0.839666666666667	-0.000276	0.0416124782164347
-0.839666666666667	-0.00027	0.041611600424478
-0.839666666666667	-0.000264	0.0404237176215868
-0.839666666666667	-0.000258	0.0406395752475544
-0.839666666666667	-0.000252	0.0396340654361887
-0.839666666666667	-0.000246	0.0396671426214277
-0.839666666666667	-0.00024	0.0392636097029512
-0.839666666666667	-0.000234	0.0395019754567364
-0.839666666666667	-0.000228	0.0396733199825211
-0.839666666666667	-0.000222	0.0402503768697714
-0.839666666666667	-0.000216	0.0407575002275944
-0.839666666666667	-0.00021	0.0416975639168083
-0.839666666666667	-0.000204	0.042989124665057
-0.839666666666667	-0.000198	0.0433743114490588
-0.839666666666667	-0.000192	0.0447451770466585
-0.839666666666667	-0.000186	0.0444470940673257
-0.839666666666667	-0.00018	0.0445862747490715
-0.839666666666667	-0.000174	0.0436023460509952
-0.839666666666667	-0.000168	0.0422877384678839
-0.839666666666667	-0.000162	0.0415972795547635
-0.839666666666667	-0.000156	0.0403900798533873
-0.839666666666667	-0.00015	0.0389418235924989
-0.839666666666667	-0.000144	0.0375168493401989
-0.839666666666667	-0.000138	0.0364090671456941
-0.839666666666667	-0.000132	0.0351224176590988
-0.839666666666667	-0.000126	0.0343497880835764
-0.839666666666667	-0.00012	0.033170751569241
-0.839666666666667	-0.000114	0.0332099295486947
-0.839666666666667	-0.000108	0.0321485062761439
-0.839666666666667	-0.000102	0.0323082808972959
-0.839666666666667	-9.6e-05	0.0324315628739807
-0.839666666666667	-9e-05	0.0334748861202169
-0.839666666666667	-8.4e-05	0.0349194261204047
-0.839666666666667	-7.8e-05	0.0373810485684378
-0.839666666666667	-7.2e-05	0.0383334150254199
-0.839666666666667	-6.6e-05	0.0378506565586668
-0.839666666666667	-6e-05	0.0379306423120371
-0.839666666666667	-5.4e-05	0.0347341654375638
-0.839666666666667	-4.8e-05	0.032959293844538
-0.839666666666667	-4.2e-05	0.0298115057345695
-0.839666666666667	-3.6e-05	0.0282886890788979
-0.839666666666667	-3e-05	0.0271935159196762
-0.839666666666667	-2.4e-05	0.0282147576290174
-0.839666666666667	-1.8e-05	0.0281296473185324
-0.839666666666667	-1.2e-05	0.0287523740187812
-0.839666666666667	-5.99999999999998e-06	0.0280254033194739
-0.839666666666667	0	0.027323940555422
-0.839666666666667	5.99999999999998e-06	0.0258124039396939
-0.839666666666667	1.2e-05	0.0248354757060533
-0.839666666666667	1.8e-05	0.0233012641561267
-0.839666666666667	2.4e-05	0.0218540442933374
-0.839666666666667	3e-05	0.0213199992335739
-0.839666666666667	3.6e-05	0.0200969869618216
-0.839666666666667	4.2e-05	0.020108347673461
-0.839666666666667	4.8e-05	0.0192071146750272
-0.839666666666667	5.4e-05	0.020277962593951
-0.839666666666667	6e-05	0.0206744184825224
-0.839666666666667	6.6e-05	0.0217970848648376
-0.839666666666667	7.2e-05	0.0210730401391107
-0.839666666666667	7.8e-05	0.0205076023797693
-0.839666666666667	8.4e-05	0.019740050872516
-0.839666666666667	9e-05	0.0195136898189876
-0.839666666666667	9.6e-05	0.0199811976687115
-0.839666666666667	0.000102	0.0211243991974712
-0.839666666666667	0.000108	0.0221134948383349
-0.839666666666667	0.000114	0.0219155389824722
-0.839666666666667	0.00012	0.0223029804080695
-0.839666666666667	0.000126	0.0214185198072388
-0.839666666666667	0.000132	0.0214602286182395
-0.839666666666667	0.000138	0.0216678087430783
-0.839666666666667	0.000144	0.0235381997368775
-0.839666666666667	0.00015	0.0254295524666346
-0.839666666666667	0.000156	0.0277129939996859
-0.839666666666667	0.000162	0.0296278174233815
-0.839666666666667	0.000168	0.0305648484901098
-0.839666666666667	0.000174	0.0314852917428215
-0.839666666666667	0.00018	0.0314148140379576
-0.839666666666667	0.000186	0.0325463595229368
-0.839666666666667	0.000192	0.0325199519174603
-0.839666666666667	0.000198	0.0341825535920182
-0.839666666666667	0.000204	0.0343437775295686
-0.839666666666667	0.00021	0.0351053184823443
-0.839666666666667	0.000216	0.0350271238621309
-0.839666666666667	0.000222	0.0345182558571778
-0.839666666666667	0.000228	0.0350035246468953
-0.839666666666667	0.000234	0.0353008310136105
-0.839666666666667	0.00024	0.0360754157975285
-0.839666666666667	0.000246	0.0358177686921528
-0.839666666666667	0.000252	0.0360749317814467
-0.839666666666667	0.000258	0.0350766576035446
-0.839666666666667	0.000264	0.0352177880252944
-0.839666666666667	0.00027	0.0342178922555168
-0.839666666666667	0.000276	0.0344497661734082
-0.839666666666667	0.000282	0.0332842766503656
-0.839666666666667	0.000288	0.0334056963930574
-0.839666666666667	0.000294	0.0324789828048497
-0.839666666666667	0.0003	0.0329181086999214

-0.839333333333333	-0.0003	0.0493654960683786
-0.839333333333333	-0.000294	0.0489268678603678
-0.839333333333333	-0.000288	0.0482338712799759
-0.839333333333333	-0.000282	0.0474757758672803
-0.839333333333333	-0.000276	0.0468899410557654
-0.839333333333333	-0.00027	0.045955324603403
-0.839333333333333	-0.000264	0.0454764492044361
-0.839333333333333	-0.000258	0.0444992037594503
-0.839333333333333	-0.000252	0.0442191961939718
-0.839333333333333	-0.000246	0.043303541147659
-0.839333333333333	-0.00024	0.0435072819570125
-0.839333333333333	-0.000234	0.0426215074005634
-0.839333333333333	-0.000228	0.0434942873484418
-0.839333333333333	-0.000222	0.0432863189156499
-0.839333333333333	-0.000216	0.0446823260192863
-0.839333333333333	-0.00021	0.045271073132228
-0.839333333333333	-0.000204	0.0468857681256393
-0.839333333333333	-0.000198	0.0488893771028851
-0.839333333333333	-0.000192	0.0488973674730508
-0.839333333333333	-0.000186	0.0497923766231901
-0.839333333333333	-0.00018	0.0490084287195868
-0.839333333333333	-0.000174	0.0492104741043818
-0.839333333333333	-0.000168	0.0469928642644208
-0.839333333333333	-0.000162	0.0466207349848894
-0.839333333333333	-0.000156	0.0439611963303564
-0.839333333333333	-0.00015	0.0432170580876544
-0.839333333333333	-0.000144	0.040875140816035
-0.839333333333333	-0.000138	0.0398981387473625
-0.839333333333333	-0.000132	0.038299112758376
-0.839333333333333	-0.000126	0.0373747563570263
-0.839333333333333	-0.00012	0.0363715080215712
-0.839333333333333	-0.000114	0.0358974837272517
-0.839333333333333	-0.000108	0.0351553362421887
-0.839333333333333	-0.000102	0.0342775657315824
-0.839333333333333	-9.6e-05	0.0352482263639229
-0.839333333333333	-9e-05	0.0355675103563472
-0.839333333333333	-8.4e-05	0.0386914832214229
-0.839333333333333	-7.8e-05	0.0394061921729462
-0.839333333333333	-7.2e-05	0.0416119094285378
-0.839333333333333	-6.6e-05	0.0424902979496126
-0.839333333333333	-6e-05	0.0415225414137625
-0.839333333333333	-5.4e-05	0.0387103789997259
-0.839333333333333	-4.8e-05	0.0364504272999837
-0.839333333333333	-4.2e-05	0.032821381994079
-0.839333333333333	-3.6e-05	0.0307466608963259
-0.839333333333333	-3e-05	0.0302880676985095
-0.839333333333333	-2.4e-05	0.0300968648283011
-0.839333333333333	-1.8e-05	0.0306345823950549
-0.839333333333333	-1.2e-05	0.0306099604566925
-0.839333333333333	-5.99999999999998e-06	0.0305471422420191
-0.839333333333333	0	0.0289604272233882
-0.839333333333333	5.99999999999998e-06	0.0286999361785281
-0.839333333333333	1.2e-05	0.0269662469935742
-0.839333333333333	1.8e-05	0.0263201863279696
-0.839333333333333	2.4e-05	0.0252070990935875
-0.839333333333333	3e-05	0.0242395968708339
-0.839333333333333	3.6e-05	0.0232316642439242
-0.839333333333333	4.2e-05	0.0225503278093113
-0.839333333333333	4.8e-05	0.0221016200302316
-0.839333333333333	5.4e-05	0.0223697910733951
-0.839333333333333	6e-05	0.0231298266542952
-0.839333333333333	6.6e-05	0.0228351591334858
-0.839333333333333	7.2e-05	0.0231463816546735
-0.839333333333333	7.8e-05	0.0225360971814479
-0.839333333333333	8.4e-05	0.0225213565588842
-0.839333333333333	9e-05	0.0224792102187681
-0.839333333333333	9.6e-05	0.0230736096576768
-0.839333333333333	0.000102	0.0231762211266672
-0.839333333333333	0.000108	0.0235097029309676
-0.839333333333333	0.000114	0.0240015674701136
-0.839333333333333	0.00012	0.0239399196439327
-0.839333333333333	0.000126	0.0243250517393202
-0.839333333333333	0.000132	0.0239396079056771
-0.839333333333333	0.000138	0.0257749760757619
-0.839333333333333	0.000144	0.0260200223484419
-0.839333333333333	0.00015	0.0285121815825956
-0.839333333333333	0.000156	0.0299343611179827
-0.839333333333333	0.000162	0.0320144583541002
-0.839333333333333	0.000168	0.0326907796144644
-0.839333333333333	0.000174	0.0336725507478161
-0.839333333333333	0.00018	0.0338948947389367
-0.839333333333333	0.000186	0.0339718560747579
-0.839333333333333	0.000192	0.035554887647736
-0.839333333333333	0.000198	0.0358373945993956
-0.839333333333333	0.000204	0.0369029908044215
-0.839333333333333	0.00021	0.0366049351670469
-0.839333333333333	0.000216	0.0373816884548218
-0.839333333333333	0.000222	0.037018219512692
-0.839333333333333	0.000228	0.0377882184465402
-0.839333333333333	0.000234	0.0378701484715228
-0.839333333333333	0.00024	0.0390156210479926
-0.839333333333333	0.000246	0.0388584059700276
-0.839333333333333	0.000252	0.03887099586594
-0.839333333333333	0.000258	0.0383294362466864
-0.839333333333333	0.000264	0.0377313424215833
-0.839333333333333	0.00027	0.0370599761794013
-0.839333333333333	0.000276	0.0365825692362034
-0.839333333333333	0.000282	0.0366474547753948
-0.839333333333333	0.000288	0.0356449639131865
-0.839333333333333	0.000294	0.0357728946334917
-0.839333333333333	0.0003	0.0350706032977058

-0.839	-0.0003	0.0489592504706086
-0.839	-0.000294	0.0515785282608573
-0.839	-0.000288	0.053325690602072
-0.839	-0.000282	0.0530721699407957
-0.839	-0.000276	0.053173857130863
-0.839	-0.00027	0.0516647542712206
-0.839	-0.000264	0.0512423583871398
-0.839	-0.000258	0.049422424050103
-0.839	-0.000252	0.0493932189935178
-0.839	-0.000246	0.0483305597023789
-0.839	-0.00024	0.0470210028436994
-0.839	-0.000234	0.0475296794291066
-0.839	-0.000228	0.0471096735469316
-0.839	-0.000222	0.0484215821240774
-0.839	-0.000216	0.048817244991098
-0.839	-0.00021	0.0506546804857007
-0.839	-0.000204	0.0516236374908952
-0.839	-0.000198	0.0533537580828634
-0.839	-0.000192	0.0538900427430917
-0.839	-0.000186	0.0555647284192159
-0.839	-0.00018	0.0555029219908859
-0.839	-0.000174	0.0550404211128232
-0.839	-0.000168	0.0533071557845962
-0.839	-0.000162	0.0510379011245236
-0.839	-0.000156	0.0491013270462573
-0.839	-0.00015	0.0470699623288246
-0.839	-0.000144	0.0459810677100353
-0.839	-0.000138	0.0440292402791347
-0.839	-0.000132	0.0430088298733743
-0.839	-0.000126	0.0411564555009376
-0.839	-0.00012	0.0404796994470633
-0.839	-0.000114	0.0392744084633578
-0.839	-0.000108	0.0392876327749137
-0.839	-0.000102	0.0384315609644597
-0.839	-9.6e-05	0.0377349711786218
-0.839	-9e-05	0.038362855251033
-0.839	-8.4e-05	0.0394049752960778
-0.839	-7.8e-05	0.0430248953878699
-0.839	-7.2e-05	0.0460974504016234
-0.839	-6.6e-05	0.0484347900281094
-0.839	-6e-05	0.0469573806697522
-0.839	-5.4e-05	0.0449528583513061
-0.839	-4.8e-05	0.040142028302529
-0.839	-4.2e-05	0.0363624402349665
-0.839	-3.6e-05	0.033945525038509
-0.839	-3e-05	0.033087867185423
-0.839	-2.4e-05	0.0334525639435534
-0.839	-1.8e-05	0.0339098226776385
-0.839	-1.2e-05	0.0343132188698814
-0.839	-5.99999999999998e-06	0.0337109466439115
-0.839	0	0.0331254345121334
-0.839	5.99999999999998e-06	0.0311735633270528
-0.839	1.2e-05	0.0304267342833217
-0.839	1.8e-05	0.0288424694259514
-0.839	2.4e-05	0.0283277522056844
-0.839	3e-05	0.0266974374304199
-0.839	3.6e-05	0.0260306570359588
-0.839	4.2e-05	0.0244435755857601
-0.839	4.8e-05	0.0238165857128295
-0.839	5.4e-05	0.024923339715816
-0.839	6e-05	0.0254908721446871
-0.839	6.6e-05	0.0265528067799757
-0.839	7.2e-05	0.0262280099229534
-0.839	7.8e-05	0.0255249529113332
-0.839	8.4e-05	0.0238344751755296
-0.839	9e-05	0.0238406771490833
-0.839	9.6e-05	0.02391357220016
-0.839	0.000102	0.0256728704997083
-0.839	0.000108	0.0263121467328833
-0.839	0.000114	0.0271845985326333
-0.839	0.00012	0.0262593397268666
-0.839	0.000126	0.0261876123324356
-0.839	0.000132	0.025838978352256
-0.839	0.000138	0.0270232816206803
-0.839	0.000144	0.0289809035759315
-0.839	0.00015	0.0309046662602365
-0.839	0.000156	0.0334804728198468
-0.839	0.000162	0.0348555332258371
-0.839	0.000168	0.0366156491579873
-0.839	0.000174	0.0366702281554412
-0.839	0.00018	0.0376719013850476
-0.839	0.000186	0.0372749122568833
-0.839	0.000192	0.038627333277214
-0.839	0.000198	0.0393165233566986
-0.839	0.000204	0.0400735796387436
-0.839	0.00021	0.0404483204205785
-0.839	0.000216	0.0406026231947677
-0.839	0.000222	0.0410225278999527
-0.839	0.000228	0.0410963007429861
-0.839	0.000234	0.0421795430367479
-0.839	0.00024	0.0420740466115774
-0.839	0.000246	0.0426034347232538
-0.839	0.000252	0.042131961767185
-0.839	0.000258	0.0419727614023214
-0.839	0.000264	0.0410630512799209
-0.839	0.00027	0.0408145403254411
-0.839	0.000276	0.040199921582221
-0.839	0.000282	0.0392494501742796
-0.839	0.000288	0.0391098757143099
-0.839	0.000294	0.0384424991876447
-0.839	0.0003	0.0389229578926988

-0.838666666666667	-0.0003	0.0627333060850801
-0.838666666666667	-0.000294	0.0637301774349597
-0.838666666666667	-0.000288	0.0643718846876755
-0.838666666666667	-0.000282	0.0629143774255731
-0.838666666666667	-0.000276	0.0619592736791862
-0.838666666666667	-0.00027	0.0600555853689621
-0.838666666666667	-0.000264	0.0592214419592966
-0.838666666666667	-0.000258	0.0570690567434386
-0.838666666666667	-0.000252	0.0567451103364148
-0.838666666666667	-0.000246	0.0551864354495703
-0.838666666666667	-0.00024	0.0552301172438233
-0.838666666666667	-0.000234	0.0542830366849988
-0.838666666666667	-0.000228	0.054548791747403
-0.838666666666667	-0.000222	0.0551476102283563
-0.838666666666667	-0.000216	0.0561254107879109
-0.838666666666667	-0.00021	0.0575460726449574
-0.838666666666667	-0.000204	0.0590750119707591
-0.838666666666667	-0.000198	0.0605796957874173
-0.838666666666667	-0.000192	0.0620174540870225
-0.838666666666667	-0.000186	0.0637491388433581
-0.838666666666667	-0.00018	0.0628335713054052
-0.838666666666667	-0.000174	0.0635143280139285
-0.838666666666667	-0.000168	0.0612590250578068
-0.838666666666667	-0.000162	0.059488329129103
-0.838666666666667	-0.000156	0.0571789530698736
-0.838666666666667	-0.00015	0.0546192448421556
-0.838666666666667	-0.000144	0.053003013026335
-0.838666666666667	-0.000138	0.0505367664447928
-0.838666666666667	-0.000132	0.0488400402470599
-0.838666666666667	-0.000126	0.047157539210443
-0.838666666666667	-0.00012	0.0461609741304274
-0.838666666666667	-0.000114	0.0448371620321289
-0.838666666666667	-0.000108	0.044382941388921
-0.838666666666667	-0.000102	0.0430987639418507
-0.838666666666667	-9.6e-05	0.0436452238859744
-0.838666666666667	-9e-05	0.0438410454213004
-0.838666666666667	-8.4e-05	0.0460321382715094
-0.838666666666667	-7.8e-05	0.0486752668582435
-0.838666666666667	-7.2e-05	0.050237491196354
-0.838666666666667	-6.6e-05	0.0523856651962975
-0.838666666666667	-6e-05	0.0529755471484882
-0.838666666666667	-5.4e-05	0.049818327556892
-0.838666666666667	-4.8e-05	0.0454479223200232
-0.838666666666667	-4.2e-05	0.0428344609276916
-0.838666666666667	-3.6e-05	0.0391660106758928
-0.838666666666667	-3e-05	0.038320466902876
-0.838666666666667	-2.4e-05	0.0376471399839069
-0.838666666666667	-1.8e-05	0.0379926784433523
-0.838666666666667	-1.2e-05	0.0372137375123498
-0.838666666666667	-5.99999999999998e-06	0.03809839089818
-0.838666666666667	0	0.0377163570577225
-0.838666666666667	5.99999999999998e-06	0.0362578844976524
-0.838666666666667	1.2e-05	0.0352828212298516
-0.838666666666667	1.8e-05	0.0332387627029715
-0.838666666666667	2.4e-05	0.0325164680939408
-0.838666666666667	3e-05	0.0305066544089455
-0.838666666666667	3.6e-05	0.0300210164558134
-0.838666666666667	4.2e-05	0.028628966254995
-0.838666666666667	4.8e-05	0.0288360951769206
-0.838666666666667	5.4e-05	0.028299815985084
-0.838666666666667	6e-05	0.0293552068277115
-0.838666666666667	6.6e-05	0.0291874637099603
-0.838666666666667	7.2e-05	0.0292247794577699
-0.838666666666667	7.8e-05	0.0285371289348905
-0.838666666666667	8.4e-05	0.0289414466709211
-0.838666666666667	9e-05	0.0282210197619259
-0.838666666666667	9.6e-05	0.0277889271439888
-0.838666666666667	0.000102	0.0294633530386248
-0.838666666666667	0.000108	0.0295663500799631
-0.838666666666667	0.000114	0.030513933796589
-0.838666666666667	0.00012	0.0295835969220835
-0.838666666666667	0.000126	0.0294266443621514
-0.838666666666667	0.000132	0.0285299999491576
-0.838666666666667	0.000138	0.029805374859503
-0.838666666666667	0.000144	0.0318878839734417
-0.838666666666667	0.00015	0.0343731439224988
-0.838666666666667	0.000156	0.0372122280365966
-0.838666666666667	0.000162	0.0395252082404042
-0.838666666666667	0.000168	0.0411580661536809
-0.838666666666667	0.000174	0.0417106432971942
-0.838666666666667	0.00018	0.0426897099561887
-0.838666666666667	0.000186	0.0428252044580859
-0.838666666666667	0.000192	0.0439550517819619
-0.838666666666667	0.000198	0.0446081703371612
-0.838666666666667	0.000204	0.0459706107687362
-0.838666666666667	0.00021	0.0459984321390186
-0.838666666666667	0.000216	0.0459695606989534
-0.838666666666667	0.000222	0.0458034719881254
-0.838666666666667	0.000228	0.0466307981503136
-0.838666666666667	0.000234	0.0476418344972564
-0.838666666666667	0.00024	0.047704330034542
-0.838666666666667	0.000246	0.0483791636950685
-0.838666666666667	0.000252	0.0474955138906454
-0.838666666666667	0.000258	0.0473303686018696
-0.838666666666667	0.000264	0.045949215604252
-0.838666666666667	0.00027	0.0459684231231596
-0.838666666666667	0.000276	0.0446072241809133
-0.838666666666667	0.000282	0.0446119440230208
-0.838666666666667	0.000288	0.0442400553832579
-0.838666666666667	0.000294	0.0437393554970372
-0.838666666666667	0.0003	0.0436413435500352

-0.838333333333333	-0.0003	0.0750271904393293
-0.838333333333333	-0.000294	0.0775404330973626
-0.838333333333333	-0.000288	0.076629355698532
-0.838333333333333	-0.000282	0.0768823786703985
-0.838333333333333	-0.000276	0.0738668801620156
-0.838333333333333	-0.00027	0.0721132478631717
-0.838333333333333	-0.000264	0.069943984968608
-0.838333333333333	-0.000258	0.069086515800872
-0.838333333333333	-0.000252	0.0666829069488918
-0.838333333333333	-0.000246	0.0655170892777207
-0.838333333333333	-0.00024	0.0651393541591886
-0.838333333333333	-0.000234	0.0638818851167183
-0.838333333333333	-0.000228	0.0643658085035722
-0.838333333333333	-0.000222	0.0636037698613868
-0.838333333333333	-0.000216	0.0654107642831652
-0.838333333333333	-0.00021	0.0656537131504753
-0.838333333333333	-0.000204	0.0684199459653274
-0.838333333333333	-0.000198	0.0697099288758805
-0.838333333333333	-0.000192	0.0725755409141647
-0.838333333333333	-0.000186	0.0738616899771544
-0.838333333333333	-0.00018	0.0766335669144464
-0.838333333333333	-0.000174	0.0760733001998908
-0.838333333333333	-0.000168	0.0746480060043989
-0.838333333333333	-0.000162	0.0715689126687249
-0.838333333333333	-0.000156	0.0683334465001479
-0.838333333333333	-0.00015	0.0651886910126649
-0.838333333333333	-0.000144	0.061292260847544
-0.838333333333333	-0.000138	0.059324742536303
-0.838333333333333	-0.000132	0.0562897302391486
-0.838333333333333	-0.000126	0.0549319030042995
-0.838333333333333	-0.00012	0.0526621725330816
-0.838333333333333	-0.000114	0.051981913513968
-0.838333333333333	-0.000108	0.0505773089664807
-0.838333333333333	-0.000102	0.0506031614573884
-0.838333333333333	-9.6e-05	0.0497542733236305
-0.838333333333333	-9e-05	0.0499346774334324
-0.838333333333333	-8.4e-05	0.0519722769394665
-0.838333333333333	-7.8e-05	0.0542827413519181
-0.838333333333333	-7.2e-05	0.0578108979586376
-0.838333333333333	-6.6e-05	0.0603779785507507
-0.838333333333333	-6e-05	0.0606999506100082
-0.838333333333333	-5.4e-05	0.0572620398100207
-0.838333333333333	-4.8e-05	0.0536987988552481
-0.838333333333333	-4.2e-05	0.0480240761671326
-0.838333333333333	-3.6e-05	0.0451121598955087
-0.838333333333333	-3e-05	0.0432762530160299
-0.838333333333333	-2.4e-05	0.043153496075411
-0.838333333333333	-1.8e-05	0.0432587901442524
-0.838333333333333	-1.2e-05	0.0438315783880802
-0.838333333333333	-5.99999999999998e-06	0.043715343361858
-0.838333333333333	0	0.0424003228611521
-0.838333333333333	5.99999999999998e-06	0.0416070446552602
-0.838333333333333	1.2e-05	0.0398353533477368
-0.838333333333333	1.8e-05	0.0388963397283057
-0.838333333333333	2.4e-05	0.0373004612121229
-0.838333333333333	3e-05	0.036792274111189
-0.838333333333333	3.6e-05	0.0351851866512006
-0.838333333333333	4.2e-05	0.0346319094619485
-0.838333333333333	4.8e-05	0.0340236458260395
-0.838333333333333	5.4e-05	0.0341207745103443
-0.838333333333333	6e-05	0.0344777078647493
-0.838333333333333	6.6e-05	0.0341537122328049
-0.838333333333333	7.2e-05	0.0341328092893389
-0.838333333333333	7.8e-05	0.0331473136903503
-0.838333333333333	8.4e-05	0.0328505104814365
-0.838333333333333	9e-05	0.0321301847517804
-0.838333333333333	9.6e-05	0.0335931392483854
-0.838333333333333	0.000102	0.0334668465274795
-0.838333333333333	0.000108	0.0343590801024256
-0.838333333333333	0.000114	0.0340313545388016
-0.838333333333333	0.00012	0.034685679031737
-0.838333333333333	0.000126	0.0338788155511131
-0.838333333333333	0.000132	0.0343793896478834
-0.838333333333333	0.000138	0.035649218880932
-0.838333333333333	0.000144	0.0361879400314418
-0.838333333333333	0.00015	0.0395104498453328
-0.838333333333333	0.000156	0.0415249696991076
-0.838333333333333	0.000162	0.0442728809919452
-0.838333333333333	0.000168	0.0456172022554858
-0.838333333333333	0.000174	0.0473834900803376
-0.838333333333333	0.00018	0.0478956833066611
-0.838333333333333	0.000186	0.0491756960238437
-0.838333333333333	0.000192	0.0497211906699998
-0.838333333333333	0.000198	0.0507213434870698
-0.838333333333333	0.000204	0.0507302690767002
-0.838333333333333	0.00021	0.0517817221582295
-0.838333333333333	0.000216	0.05185274403853
-0.838333333333333	0.000222	0.0529198606560924
-0.838333333333333	0.000228	0.0533676988476821
-0.838333333333333	0.000234	0.053803926114655
-0.838333333333333	0.00024	0.0551076528997403
-0.838333333333333	0.000246	0.0544731648753131
-0.838333333333333	0.000252	0.054572226889749
-0.838333333333333	0.000258	0.0534414334072761
-0.838333333333333	0.000264	0.0532185944609415
-0.838333333333333	0.00027	0.0520244577324272
-0.838333333333333	0.000276	0.051444606128264
-0.838333333333333	0.000282	0.050583253890393
-0.838333333333333	0.000288	0.0504067383191178
-0.838333333333333	0.000294	0.0500169328699986
-0.838333333333333	0.0003	0.0495569860667313

-0.838	-0.0003	0.081674846177177
-0.838	-0.000294	0.0891905264668541
-0.838	-0.000288	0.0916706317802935
-0.838	-0.000282	0.0936102193393256
-0.838	-0.000276	0.0917384542310229
-0.838	-0.00027	0.0914408470628354
-0.838	-0.000264	0.088347692641284
-0.838	-0.000258	0.0866782955951643
-0.838	-0.000252	0.0832990464848989
-0.838	-0.000246	0.0816453403214684
-0.838	-0.00024	0.0790101474162858
-0.838	-0.000234	0.0790956022824231
-0.838	-0.000228	0.0778734801083877
-0.838	-0.000222	0.0789763045528634
-0.838	-0.000216	0.0794176345010355
-0.838	-0.00021	0.0805946036908529
-0.838	-0.000204	0.0829071299594308
-0.838	-0.000198	0.0850548008015729
-0.838	-0.000192	0.089390072467817
-0.838	-0.000186	0.0901841272886755
-0.838	-0.00018	0.0929522414792403
-0.838	-0.000174	0.0924510958603773
-0.838	-0.000168	0.0925495617426091
-0.838	-0.000162	0.0874823041995205
-0.838	-0.000156	0.0844202526154419
-0.838	-0.00015	0.0792791565992244
-0.838	-0.000144	0.076045790570213
-0.838	-0.000138	0.0726649499489241
-0.838	-0.000132	0.0693872567685351
-0.838	-0.000126	0.0667125878166223
-0.838	-0.00012	0.0640329200993942
-0.838	-0.000114	0.0625941718893611
-0.838	-0.000108	0.0610160324363167
-0.838	-0.000102	0.0601283737723082
-0.838	-9.6e-05	0.0585724443821539
-0.838	-9e-05	0.058631209985411
-0.838	-8.4e-05	0.059385356700225
-0.838	-7.8e-05	0.0636492947455641
-0.838	-7.2e-05	0.0682716346010773
-0.838	-6.6e-05	0.0716750845295229
-0.838	-6e-05	0.0714739360807531
-0.838	-5.4e-05	0.0681625148896089
-0.838	-4.8e-05	0.0618360217833533
-0.838	-4.2e-05	0.0556378996616537
-0.838	-3.6e-05	0.0518281658519986
-0.838	-3e-05	0.0492508470847883
-0.838	-2.4e-05	0.0502931339369187
-0.838	-1.8e-05	0.050201663048382
-0.838	-1.2e-05	0.0511600646671343
-0.838	-5.99999999999998e-06	0.0502235832465831
-0.838	0	0.0493426734657606
-0.838	5.99999999999998e-06	0.0478821691304162
-0.838	1.2e-05	0.0468351350918711
-0.838	1.8e-05	0.0460674031023251
-0.838	2.4e-05	0.0446874287004855
-0.838	3e-05	0.0443786891553713
-0.838	3.6e-05	0.0424339305508487
-0.838	4.2e-05	0.0416637538707826
-0.838	4.8e-05	0.0406644460306216
-0.838	5.4e-05	0.0413892290867013
-0.838	6e-05	0.0410596905116559
-0.838	6.6e-05	0.041906481240044
-0.838	7.2e-05	0.041057697019821
-0.838	7.8e-05	0.0400483096090608
-0.838	8.4e-05	0.0377662462915717
-0.838	9e-05	0.0379061133480774
-0.838	9.6e-05	0.0397938537306688
-0.838	0.000102	0.0409360940625197
-0.838	0.000108	0.0430048538288367
-0.838	0.000114	0.0423980668536332
-0.838	0.00012	0.0418895406677876
-0.838	0.000126	0.040060016242276
-0.838	0.000132	0.0407541093784776
-0.838	0.000138	0.0410950182383712
-0.838	0.000144	0.0437835486516791
-0.838	0.00015	0.0468482007989289
-0.838	0.000156	0.0499279941803418
-0.838	0.000162	0.0524873359788409
-0.838	0.000168	0.0552070813457439
-0.838	0.000174	0.0562468141230789
-0.838	0.00018	0.0570386102022227
-0.838	0.000186	0.0578218689968703
-0.838	0.000192	0.0578844793844741
-0.838	0.000198	0.0596034320502721
-0.838	0.000204	0.0599295168803009
-0.838	0.00021	0.061322428467901
-0.838	0.000216	0.0616054385773621
-0.838	0.000222	0.0627893425991708
-0.838	0.000228	0.0631483186679824
-0.838	0.000234	0.0645609518690748
-0.838	0.00024	0.0645447851775892
-0.838	0.000246	0.0645288372476076
-0.838	0.000252	0.064490269073686
-0.838	0.000258	0.0637046312139159
-0.838	0.000264	0.0633818333194691
-0.838	0.00027	0.0621060372865926
-0.838	0.000276	0.0613414773823105
-0.838	0.000282	0.059834354341175
-0.838	0.000288	0.0594500891033099
-0.838	0.000294	0.0586178051910925
-0.838	0.0003	0.0585187103616089

-0.837666666666667	-0.0003	0.112532437059848
-0.837666666666667	-0.000294	0.120640230701472
-0.837666666666667	-0.000288	0.12437285550994
-0.837666666666667	-0.000282	0.124194420279513
-0.837666666666667	-0.000276	0.122151772785592
-0.837666666666667	-0.00027	0.119336569546482
-0.837666666666667	-0.000264	0.116337790112307
-0.837666666666667	-0.000258	0.110603951796891
-0.837666666666667	-0.000252	0.107595393593588
-0.837666666666667	-0.000246	0.10277548755327
-0.837666666666667	-0.00024	0.100767689238374
-0.837666666666667	-0.000234	0.0999984040212441
-0.837666666666667	-0.000228	0.0980523519729744
-0.837666666666667	-0.000222	0.0992840396230241
-0.837666666666667	-0.000216	0.0982967118732435
-0.837666666666667	-0.00021	0.10209150953926
-0.837666666666667	-0.000204	0.101906533252717
-0.837666666666667	-0.000198	0.106470944279294
-0.837666666666667	-0.000192	0.109867535942628
-0.837666666666667	-0.000186	0.114344933407092
-0.837666666666667	-0.00018	0.11447505450717
-0.837666666666667	-0.000174	0.116883837136487
-0.837666666666667	-0.000168	0.113199471767406
-0.837666666666667	-0.000162	0.111248147496655
-0.837666666666667	-0.000156	0.106283331880336
-0.837666666666667	-0.00015	0.101770232055001
-0.837666666666667	-0.000144	0.0991992902733663
-0.837666666666667	-0.000138	0.091859491136972
-0.837666666666667	-0.000132	0.0887857028388263
-0.837666666666667	-0.000126	0.0828717229316409
-0.837666666666667	-0.00012	0.080322356792555
-0.837666666666667	-0.000114	0.0768569582411541
-0.837666666666667	-0.000108	0.0763156584033886
-0.837666666666667	-0.000102	0.0737718926349116
-0.837666666666667	-9.6e-05	0.0729238139311681
-0.837666666666667	-9e-05	0.0708782459308838
-0.837666666666667	-8.4e-05	0.0733676213872569
-0.837666666666667	-7.8e-05	0.0757858983941017
-0.837666666666667	-7.2e-05	0.0792766189319528
-0.837666666666667	-6.6e-05	0.0815149731108817
-0.837666666666667	-6e-05	0.0822777883680338
-0.837666666666667	-5.4e-05	0.0785868983503597
-0.837666666666667	-4.8e-05	0.0749009524093867
-0.837666666666667	-4.2e-05	0.0695205171388289
-0.837666666666667	-3.6e-05	0.0642917403274582
-0.837666666666667	-3e-05	0.0618643955340087
-0.837666666666667	-2.4e-05	0.0595559437551117
-0.837666666666667	-1.8e-05	0.0598865570100512
-0.837666666666667	-1.2e-05	0.0599693921712976
-0.837666666666667	-5.99999999999998e-06	0.0600069649687486
-0.837666666666667	0	0.0589197165519461
-0.837666666666667	5.99999999999998e-06	0.0583069190203859
-0.837666666666667	1.2e-05	0.0573358946930224
-0.837666666666667	1.8e-05	0.0562458624984393
-0.837666666666667	2.4e-05	0.0558474377295536
-0.837666666666667	3e-05	0.0540703210634432
-0.837666666666667	3.6e-05	0.0531190566330114
-0.837666666666667	4.2e-05	0.0511041594108855
-0.837666666666667	4.8e-05	0.0502828301293771
-0.837666666666667	5.4e-05	0.0500758133235738
-0.837666666666667	6e-05	0.0511187838139192
-0.837666666666667	6.6e-05	0.0511943067748232
-0.837666666666667	7.2e-05	0.05022693034152
-0.837666666666667	7.8e-05	0.0483814771300955
-0.837666666666667	8.4e-05	0.0467786719845088
-0.837666666666667	9e-05	0.0469207430917659
-0.837666666666667	9.6e-05	0.0480749498406692
-0.837666666666667	0.000102	0.051105302455071
-0.837666666666667	0.000108	0.0519893952579407
-0.837666666666667	0.000114	0.0519717573741412
-0.837666666666667	0.00012	0.0503311989530389
-0.837666666666667	0.000126	0.0504279803474955
-0.837666666666667	0.000132	0.0491402233683073
-0.837666666666667	0.000138	0.0517791462075185
-0.837666666666667	0.000144	0.054879093264087
-0.837666666666667	0.00015	0.0577171245742062
-0.837666666666667	0.000156	0.0627708788801821
-0.837666666666667	0.000162	0.0657096566925123
-0.837666666666667	0.000168	0.0687841997273602
-0.837666666666667	0.000174	0.0687920096171123
-0.837666666666667	0.00018	0.0699835868047885
-0.837666666666667	0.000186	0.0691523092105229
-0.837666666666667	0.000192	0.0704570259060362
-0.837666666666667	0.000198	0.0710533450031573
-0.837666666666667	0.000204	0.0734088639570326
-0.837666666666667	0.00021	0.0737785266677796
-0.837666666666667	0.000216	0.0745405051506102
-0.837666666666667	0.000222	0.074658462945698
-0.837666666666667	0.000228	0.0761714598122587
-0.837666666666667	0.000234	0.0771980120298688
-0.837666666666667	0.00024	0.0772128880141521
-0.837666666666667	0.000246	0.079493048080013
-0.837666666666667	0.000252	0.0778356502636444
-0.837666666666667	0.000258	0.0775445458681338
-0.837666666666667	0.000264	0.0754961667457618
-0.837666666666667	0.00027	0.0749522581445866
-0.837666666666667	0.000276	0.0738775996213476
-0.837666666666667	0.000282	0.0730609300249408
-0.837666666666667	0.000288	0.071827918850292
-0.837666666666667	0.000294	0.0716120913051765
-0.837666666666667	0.0003	0.0714095646384955

-0.837333333333333	-0.0003	0.177286125887345
-0.837333333333333	-0.000294	0.182619439291961
-0.837333333333333	-0.000288	0.175527905001886
-0.837333333333333	-0.000282	0.174272022002048
-0.837333333333333	-0.000276	0.169794591722536
-0.837333333333333	-0.00027	0.167173487247537
-0.837333333333333	-0.000264	0.163336982139732
-0.837333333333333	-0.000258	0.158449926350116
-0.837333333333333	-0.000252	0.152708584414811
-0.837333333333333	-0.000246	0.149525145903089
-0.837333333333333	-0.00024	0.147154089202631
-0.837333333333333	-0.000234	0.141459409727297
-0.837333333333333	-0.000228	0.139079558697399
-0.837333333333333	-0.000222	0.136927616479988
-0.837333333333333	-0.000216	0.139734134769236
-0.837333333333333	-0.00021	0.140545685279268
-0.837333333333333	-0.000204	0.143978515273972
-0.837333333333333	-0.000198	0.146154215311117
-0.837333333333333	-0.000192	0.149596758447201
-0.837333333333333	-0.000186	0.153339008891039
-0.837333333333333	-0.00018	0.157162311565553
-0.837333333333333	-0.000174	0.156577947946352
-0.837333333333333	-0.000168	0.154036604994828
-0.837333333333333	-0.000162	0.152147344199701
-0.837333333333333	-0.000156	0.145001807900307
-0.837333333333333	-0.00015	0.139791472934359
-0.837333333333333	-0.000144	0.13102234339858
-0.837333333333333	-0.000138	0.126502035284088
-0.837333333333333	-0.000132	0.118637278018134
-0.837333333333333	-0.000126	0.112858297657632
-0.837333333333333	-0.00012	0.106676571932752
-0.837333333333333	-0.000114	0.102337980515878
-0.837333333333333	-0.000108	0.0976921453563153
-0.837333333333333	-0.000102	0.0957611771170497
-0.837333333333333	-9.6e-05	0.0945676091740833
-0.837333333333333	-9e-05	0.0926777358368786
-0.837333333333333	-8.4e-05	0.0944847521345725
-0.837333333333333	-7.8e-05	0.0944773141424308
-0.837333333333333	-7.2e-05	0.099543691159367
-0.837333333333333	-6.6e-05	0.100304630509198
-0.837333333333333	-6e-05	0.100739665509414
-0.837333333333333	-5.4e-05	0.0986691255467234
-0.837333333333333	-4.8e-05	0.0949741610417173
-0.837333333333333	-4.2e-05	0.0877017358892143
-0.837333333333333	-3.6e-05	0.0826830003035449
-0.837333333333333	-3e-05	0.0759142967229648
-0.837333333333333	-2.4e-05	0.0739939823129357
-0.837333333333333	-1.8e-05	0.0723514823567659
-0.837333333333333	-1.2e-05	0.0730052982235083
-0.837333333333333	-5.99999999999998e-06	0.0724016012936004
-0.837333333333333	0	0.0712366368042747
-0.837333333333333	5.99999999999998e-06	0.072325487668884
-0.837333333333333	1.2e-05	0.0714362703088996
-0.837333333333333	1.8e-05	0.0723449577058245
-0.837333333333333	2.4e-05	0.0699007461728015
-0.837333333333333	3e-05	0.0697632745889422
-0.837333333333333	3.6e-05	0.0672494357963559
-0.837333333333333	4.2e-05	0.0667608253800931
-0.837333333333333	4.8e-05	0.0654880592355064
-0.837333333333333	5.4e-05	0.0654159271237192
-0.837333333333333	6e-05	0.064421582501979
-0.837333333333333	6.6e-05	0.0635779884713151
-0.837333333333333	7.2e-05	0.0629927880777926
-0.837333333333333	7.8e-05	0.0623786451457178
-0.837333333333333	8.4e-05	0.0620249030182963
-0.837333333333333	9e-05	0.0619928102703956
-0.837333333333333	9.6e-05	0.0652054428995713
-0.837333333333333	0.000102	0.0657616624734511
-0.837333333333333	0.000108	0.0669057349584431
-0.837333333333333	0.000114	0.0672068806411134
-0.837333333333333	0.00012	0.0667249972321212
-0.837333333333333	0.000126	0.0651509596130648
-0.837333333333333	0.000132	0.0660954314061307
-0.837333333333333	0.000138	0.0686915639163736
-0.837333333333333	0.000144	0.0700121902560801
-0.837333333333333	0.00015	0.0757893384634412
-0.837333333333333	0.000156	0.0780601135360503
-0.837333333333333	0.000162	0.0829694942388744
-0.837333333333333	0.000168	0.0860764909801012
-0.837333333333333	0.000174	0.0888764244590525
-0.837333333333333	0.00018	0.0879306783639593
-0.837333333333333	0.000186	0.0899833179248174
-0.837333333333333	0.000192	0.0913637544668232
-0.837333333333333	0.000198	0.0922299031160295
-0.837333333333333	0.000204	0.0940986438044341
-0.837333333333333	0.00021	0.0949656401647451
-0.837333333333333	0.000216	0.0975109427556314
-0.837333333333333	0.000222	0.0980039940907938
-0.837333333333333	0.000228	0.0984553707945172
-0.837333333333333	0.000234	0.0979326440623649
-0.837333333333333	0.00024	0.099648293382708
-0.837333333333333	0.000246	0.0987423022575527
-0.837333333333333	0.000252	0.0996672493250638
-0.837333333333333	0.000258	0.0977061462804888
-0.837333333333333	0.000264	0.0977639110365347
-0.837333333333333	0.00027	0.0953164070971891
-0.837333333333333	0.000276	0.0951964804227266
-0.837333333333333	0.000282	0.093613500806516
-0.837333333333333	0.000288	0.092018248503389
-0.837333333333333	0.000294	0.0918607599706078
-0.837333333333333	0.0003	0.0898524639639532

-0.837	-0.0003	0.193687466072103
-0.837	-0.000294	0.230161320309497
-0.837	-0.000288	0.246204193051637
-0.837	-0.000282	0.245724902007926
-0.837	-0.000276	0.239289442319262
-0.837	-0.00027	0.235628987917765
-0.837	-0.000264	0.234845417373117
-0.837	-0.000258	0.225459612708733
-0.837	-0.000252	0.221431152725863
-0.837	-0.000246	0.213178154175157
-0.837	-0.00024	0.212201392746253
-0.837	-0.000234	0.207848461320294
-0.837	-0.000228	0.20338010976417
-0.837	-0.000222	0.204236506988557
-0.837	-0.000216	0.199529833432827
-0.837	-0.00021	0.200300168717391
-0.837	-0.000204	0.203385622628768
-0.837	-0.000198	0.209958750784531
-0.837	-0.000192	0.208654630223571
-0.837	-0.000186	0.213741078878043
-0.837	-0.00018	0.21245524702405
-0.837	-0.000174	0.21464063832666
-0.837	-0.000168	0.20908104590402
-0.837	-0.000162	0.204212399144779
-0.837	-0.000156	0.196018926402424
-0.837	-0.00015	0.188207132010439
-0.837	-0.000144	0.181122040333687
-0.837	-0.000138	0.170930723057584
-0.837	-0.000132	0.163866381188191
-0.837	-0.000126	0.153047177105482
-0.837	-0.00012	0.144496254177592
-0.837	-0.000114	0.136444365792217
-0.837	-0.000108	0.131989293240961
-0.837	-0.000102	0.125384838013131
-0.837	-9.6e-05	0.121815028655586
-0.837	-9e-05	0.118033619374015
-0.837	-8.4e-05	0.119162859626554
-0.837	-7.8e-05	0.121966949632806
-0.837	-7.2e-05	0.12570200272427
-0.837	-6.6e-05	0.130219904429332
-0.837	-6e-05	0.133556587445223
-0.837	-5.4e-05	0.129485544960455
-0.837	-4.8e-05	0.117476984148344
-0.837	-4.2e-05	0.108320302439118
-0.837	-3.6e-05	0.097252899137836
-0.837	-3e-05	0.0927120927948857
-0.837	-2.4e-05	0.0893760113819397
-0.837	-1.8e-05	0.088861362525964
-0.837	-1.2e-05	0.0876646771910459
-0.837	-5.99999999999998e-06	0.088370181627382
-0.837	0	0.0877990532588691
-0.837	5.99999999999998e-06	0.0890997993782363
-0.837	1.2e-05	0.0897071496729451
-0.837	1.8e-05	0.0903425838559692
-0.837	2.4e-05	0.0912035970089285
-0.837	3e-05	0.090124349901424
-0.837	3.6e-05	0.0884741384982963
-0.837	4.2e-05	0.0851136210957932
-0.837	4.8e-05	0.0834528816528793
-0.837	5.4e-05	0.0816011499010224
-0.837	6e-05	0.0827356787859155
-0.837	6.6e-05	0.0831254186049392
-0.837	7.2e-05	0.0830049942410669
-0.837	7.8e-05	0.0814059244979005
-0.837	8.4e-05	0.0798321986194486
-0.837	9e-05	0.0820703777863556
-0.837	9.6e-05	0.0852384371559935
-0.837	0.000102	0.0885345393644079
-0.837	0.000108	0.089569224151507
-0.837	0.000114	0.0905123614808416
-0.837	0.00012	0.087223068317317
-0.837	0.000126	0.0867078014508728
-0.837	0.000132	0.0858419426663556
-0.837	0.000138	0.0868998000777676
-0.837	0.000144	0.0922631990674705
-0.837	0.00015	0.0974668070261486
-0.837	0.000156	0.104152861394288
-0.837	0.000162	0.10955797329652
-0.837	0.000168	0.11408097221204
-0.837	0.000174	0.113669104367746
-0.837	0.00018	0.11458414140359
-0.837	0.000186	0.113898216383772
-0.837	0.000192	0.116418295431003
-0.837	0.000198	0.116153524808286
-0.837	0.000204	0.120243096644487
-0.837	0.00021	0.118410889618185
-0.837	0.000216	0.120357926108491
-0.837	0.000222	0.120531821974875
-0.837	0.000228	0.123059087435346
-0.837	0.000234	0.124894116520519
-0.837	0.00024	0.124908019001899
-0.837	0.000246	0.129249804379952
-0.837	0.000252	0.127127395364905
-0.837	0.000258	0.126924633526847
-0.837	0.000264	0.125289916116122
-0.837	0.00027	0.125008497517685
-0.837	0.000276	0.121184297909494
-0.837	0.000282	0.121804965490162
-0.837	0.000288	0.11974740919691
-0.837	0.000294	0.120210096026126
-0.837	0.0003	0.116470612952546

-0.836666666666667	-0.0003	0.321212268944112
-0.836666666666667	-0.000294	0.337429059447344
-0.836666666666667	-0.000288	0.347116759065058
-0.836666666666667	-0.000282	0.345863107450883
-0.836666666666667	-0.000276	0.338310352043769
-0.836666666666667	-0.00027	0.33111127315747
-0.836666666666667	-0.000264	0.317094290539859
-0.836666666666667	-0.000258	0.30882621912163
-0.836666666666667	-0.000252	0.305943778636608
-0.836666666666667	-0.000246	0.301290330461136
-0.836666666666667	-0.00024	0.291415040322728
-0.836666666666667	-0.000234	0.29768966437193
-0.836666666666667	-0.000228	0.294093395452141
-0.836666666666667	-0.000222	0.30233440573102
-0.836666666666667	-0.000216	0.299752525714455
-0.836666666666667	-0.00021	0.299364809465769
-0.836666666666667	-0.000204	0.255883732762602
-0.836666666666667	-0.000198	0.233866380794975
-0.836666666666667	-0.000192	0.226203652506292
-0.836666666666667	-0.000186	0.218770167489128
-0.836666666666667	-0.00018	0.217857000889864
-0.836666666666667	-0.000174	0.215431953123918
-0.836666666666667	-0.000168	0.21333174870102
-0.836666666666667	-0.000162	0.208607705247916
-0.836666666666667	-0.000156	0.205302721201702
-0.836666666666667	-0.00015	0.195517562019708
-0.836666666666667	-0.000144	0.188780776172657
-0.836666666666667	-0.000138	0.177352597466819
-0.836666666666667	-0.000132	0.172511165006524
-0.836666666666667	-0.000126	0.160765657516656
-0.836666666666667	-0.00012	0.152424278125058
-0.836666666666667	-0.000114	0.143528779301495
-0.836666666666667	-0.000108	0.135505395924617
-0.836666666666667	-0.000102	0.131425865380273
-0.836666666666667	-9.6e-05	0.125460049235779
-0.836666666666667	-9e-05	0.124288237415775
-0.836666666666667	-8.4e-05	0.124768414463426
-0.836666666666667	-7.8e-05	0.127264232533121
-0.836666666666667	-7.2e-05	0.131598328340132
-0.836666666666667	-6.6e-05	0.138101528437209
-0.836666666666667	-6e-05	0.139085618473979
-0.836666666666667	-5.4e-05	0.133305828685811
-0.836666666666667	-4.8e-05	0.127808168480952
-0.836666666666667	-4.2e-05	0.115972781613572
-0.836666666666667	-3.6e-05	0.109248421587195
-0.836666666666667	-3e-05	0.102474073884175
-0.836666666666667	-2.4e-05	0.098835408411293
-0.836666666666667	-1.8e-05	0.0955576058513265
-0.836666666666667	-1.2e-05	0.0953263936957345
-0.836666666666667	-5.99999999999998e-06	0.0930271136146281
-0.836666666666667	0	0.0931357848592583
-0.836666666666667	5.99999999999998e-06	0.0930955759517415
-0.836666666666667	1.2e-05	0.0945225765085752
-0.836666666666667	1.8e-05	0.0958830289190558
-0.836666666666667	2.4e-05	0.0955091713999182
-0.836666666666667	3e-05	0.0951945334169185
-0.836666666666667	3.6e-05	0.0935085813718298
-0.836666666666667	4.2e-05	0.0909697378017895
-0.836666666666667	4.8e-05	0.0874931932001339
-0.836666666666667	5.4e-05	0.0874483957083515
-0.836666666666667	6e-05	0.086021203731972
-0.836666666666667	6.6e-05	0.086851108579067
-0.836666666666667	7.2e-05	0.0849279338243785
-0.836666666666667	7.8e-05	0.0853273977239148
-0.836666666666667	8.4e-05	0.0859746014337048
-0.836666666666667	9e-05	0.0874751943555072
-0.836666666666667	9.6e-05	0.0911124652029545
-0.836666666666667	0.000102	0.0935303703121889
-0.836666666666667	0.000108	0.0951156688318181
-0.836666666666667	0.000114	0.0922232526756377
-0.836666666666667	0.00012	0.0891853253428607
-0.836666666666667	0.000126	0.0850158169758609
-0.836666666666667	0.000132	0.0854854933280323
-0.836666666666667	0.000138	0.0874846340420713
-0.836666666666667	0.000144	0.0940674479925587
-0.836666666666667	0.00015	0.0981003707725922
-0.836666666666667	0.000156	0.107306263548193
-0.836666666666667	0.000162	0.111243258110917
-0.836666666666667	0.000168	0.116817693702792
-0.836666666666667	0.000174	0.117703394424209
-0.836666666666667	0.00018	0.118497465652592
-0.836666666666667	0.000186	0.117630819316325
-0.836666666666667	0.000192	0.116502454119197
-0.836666666666667	0.000198	0.119969673886956
-0.836666666666667	0.000204	0.120265257482456
-0.836666666666667	0.00021	0.124089139884
-0.836666666666667	0.000216	0.123739423021338
-0.836666666666667	0.000222	0.125920723429093
-0.836666666666667	0.000228	0.126665736729556
-0.836666666666667	0.000234	0.129154674655874
-0.836666666666667	0.00024	0.131705938575847
-0.836666666666667	0.000246	0.132568384637681
-0.836666666666667	0.000252	0.130571108889482
-0.836666666666667	0.000258	0.130018466118222
-0.836666666666667	0.000264	0.128840430451098
-0.836666666666667	0.00027	0.126041032942647
-0.836666666666667	0.000276	0.124409400111175
-0.836666666666667	0.000282	0.121782531195027
-0.836666666666667	0.000288	0.120076376249862
-0.836666666666667	0.000294	0.116674512364049
-0.836666666666667	0.0003	0.117389478365213

-0.836333333333333	-0.0003	0.308793360711989
-0.836333333333333	-0.000294	0.330596389132467
-0.836333333333333	-0.000288	0.340913758473263
-0.836333333333333	-0.000282	0.333052501450097
-0.836333333333333	-0.000276	0.332765832505095
-0.836333333333333	-0.00027	0.321357791066888
-0.836333333333333	-0.000264	0.310109185167271
-0.836333333333333	-0.000258	0.304712616017926
-0.836333333333333	-0.000252	0.307387558429353
-0.836333333333333	-0.000246	0.299346017601001
-0.836333333333333	-0.00024	0.296237396521958
-0.836333333333333	-0.000234	0.291165058178284
-0.836333333333333	-0.000228	0.289781066721318
-0.836333333333333	-0.000222	0.285180909572643
-0.836333333333333	-0.000216	0.279655072507415
-0.836333333333333	-0.00021	0.283876964023705
-0.836333333333333	-0.000204	0.283332678068272
-0.836333333333333	-0.000198	0.287270788316781
-0.836333333333333	-0.000192	0.288993011517684
-0.836333333333333	-0.000186	0.296898262080406
-0.836333333333333	-0.00018	0.293505772258108
-0.836333333333333	-0.000174	0.295422214525389
-0.836333333333333	-0.000168	0.288506194975821
-0.836333333333333	-0.000162	0.288155121766466
-0.836333333333333	-0.000156	0.275895211531132
-0.836333333333333	-0.00015	0.272935656553042
-0.836333333333333	-0.000144	0.269172076577165
-0.836333333333333	-0.000138	0.259028012429544
-0.836333333333333	-0.000132	0.247001502004775
-0.836333333333333	-0.000126	0.227700876454893
-0.836333333333333	-0.00012	0.217571644532677
-0.836333333333333	-0.000114	0.202416999240093
-0.836333333333333	-0.000108	0.194428115018196
-0.836333333333333	-0.000102	0.183175101014727
-0.836333333333333	-9.6e-05	0.178087328835656
-0.836333333333333	-9e-05	0.172134551053913
-0.836333333333333	-8.4e-05	0.1725399981608
-0.836333333333333	-7.8e-05	0.170978019933199
-0.836333333333333	-7.2e-05	0.176697310410112
-0.836333333333333	-6.6e-05	0.179877150247997
-0.836333333333333	-6e-05	0.179999122371062
-0.836333333333333	-5.4e-05	0.173035948126411
-0.836333333333333	-4.8e-05	0.158578625480451
-0.836333333333333	-4.2e-05	0.144971027742571
-0.836333333333333	-3.6e-05	0.132216436377612
-0.836333333333333	-3e-05	0.125296807196283
-0.836333333333333	-2.4e-05	0.118498362586268
-0.836333333333333	-1.8e-05	0.117317264218156
-0.836333333333333	-1.2e-05	0.114955964413258
-0.836333333333333	-5.99999999999998e-06	0.11493347542716
-0.836333333333333	0	0.114745086415584
-0.836333333333333	5.99999999999998e-06	0.116250787486977
-0.836333333333333	1.2e-05	0.118426028120501
-0.836333333333333	1.8e-05	0.120335218356191
-0.836333333333333	2.4e-05	0.122630298158166
-0.836333333333333	3e-05	0.122700685622823
-0.836333333333333	3.6e-05	0.121470135548567
-0.836333333333333	4.2e-05	0.11707466537254
-0.836333333333333	4.8e-05	0.11297974474698
-0.836333333333333	5.4e-05	0.112987981230004
-0.836333333333333	6e-05	0.111811094075457
-0.836333333333333	6.6e-05	0.11308999109511
-0.836333333333333	7.2e-05	0.112643875674735
-0.836333333333333	7.8e-05	0.114353705862965
-0.836333333333333	8.4e-05	0.115902601975985
-0.836333333333333	9e-05	0.118439022729072
-0.836333333333333	9.6e-05	0.123952094888714
-0.836333333333333	0.000102	0.126380347554972
-0.836333333333333	0.000108	0.126173024479305
-0.836333333333333	0.000114	0.126202874888317
-0.836333333333333	0.00012	0.126377120778745
-0.836333333333333	0.000126	0.121499635935884
-0.836333333333333	0.000132	0.121109524216901
-0.836333333333333	0.000138	0.12228749425393
-0.836333333333333	0.000144	0.124821049191616
-0.836333333333333	0.00015	0.13307727451855
-0.836333333333333	0.000156	0.138562290136533
-0.836333333333333	0.000162	0.143458894994639
-0.836333333333333	0.000168	0.147357660470703
-0.836333333333333	0.000174	0.149883482083167
-0.836333333333333	0.00018	0.148519452874765
-0.836333333333333	0.000186	0.150229053360009
-0.836333333333333	0.000192	0.149648649377822
-0.836333333333333	0.000198	0.152843671467505
-0.836333333333333	0.000204	0.151189768413789
-0.836333333333333	0.00021	0.155608941718586
-0.836333333333333	0.000216	0.154089360044078
-0.836333333333333	0.000222	0.157290157516392
-0.836333333333333	0.000228	0.155810926944026
-0.836333333333333	0.000234	0.157922113341939
-0.836333333333333	0.00024	0.162836831897339
-0.836333333333333	0.000246	0.163089428278283
-0.836333333333333	0.000252	0.164228655129368
-0.836333333333333	0.000258	0.160632003370488
-0.836333333333333	0.000264	0.159777881300038
-0.836333333333333	0.00027	0.154930181236093
-0.836333333333333	0.000276	0.153008083895495
-0.836333333333333	0.000282	0.148539043232764
-0.836333333333333	0.000288	0.14819567054063
-0.836333333333333	0.000294	0.144314592170938
-0.836333333333333	0.0003	0.14465405991937

-0.836	-0.0003	0.346062445617729
-0.836	-0.000294	0.354656388594015
-0.836	-0.000288	0.359356739855132
-0.836	-0.000282	0.36110158328823
-0.836	-0.000276	0.372163889376705
-0.836	-0.00027	0.372968417546387
-0.836	-0.000264	0.375921912733804
-0.836	-0.000258	0.372291122783118
-0.836	-0.000252	0.376470180209213
-0.836	-0.000246	0.374687643655256
-0.836	-0.00024	0.379537389167803
-0.836	-0.000234	0.374920890336761
-0.836	-0.000228	0.377634882185204
-0.836	-0.000222	0.37285054725731
-0.836	-0.000216	0.370485834713286
-0.836	-0.00021	0.368635831219827
-0.836	-0.000204	0.36461041206203
-0.836	-0.000198	0.364199003607264
-0.836	-0.000192	0.356858209096748
-0.836	-0.000186	0.358972939472837
-0.836	-0.00018	0.352303008046702
-0.836	-0.000174	0.349479830856695
-0.836	-0.000168	0.345456314948178
-0.836	-0.000162	0.347639649867751
-0.836	-0.000156	0.345370428008633
-0.836	-0.00015	0.34202731332325
-0.836	-0.000144	0.339479188668795
-0.836	-0.000138	0.332440923529601
-0.836	-0.000132	0.323728847767346
-0.836	-0.000126	0.306187175973105
-0.836	-0.00012	0.292057857816327
-0.836	-0.000114	0.276249719327341
-0.836	-0.000108	0.265508231326551
-0.836	-0.000102	0.254674359077232
-0.836	-9.6e-05	0.249367089585419
-0.836	-9e-05	0.247612904903853
-0.836	-8.4e-05	0.247971197329752
-0.836	-7.8e-05	0.250552661696875
-0.836	-7.2e-05	0.249317539427085
-0.836	-6.6e-05	0.248436684348971
-0.836	-6e-05	0.243105853911267
-0.836	-5.4e-05	0.230975846016856
-0.836	-4.8e-05	0.211289998140776
-0.836	-4.2e-05	0.195394266369695
-0.836	-3.6e-05	0.174955584366616
-0.836	-3e-05	0.165514946389332
-0.836	-2.4e-05	0.155856112740943
-0.836	-1.8e-05	0.153048106854206
-0.836	-1.2e-05	0.148242464258443
-0.836	-5.99999999999998e-06	0.147869536485681
-0.836	0	0.149310439526243
-0.836	5.99999999999998e-06	0.150985704927047
-0.836	1.2e-05	0.155055511393227
-0.836	1.8e-05	0.160007408967854
-0.836	2.4e-05	0.166670777461958
-0.836	3e-05	0.167222534241023
-0.836	3.6e-05	0.168598081397291
-0.836	4.2e-05	0.163829541253876
-0.836	4.8e-05	0.163535346810721
-0.836	5.4e-05	0.159731918885805
-0.836	6e-05	0.16166508570978
-0.836	6.6e-05	0.161478643699314
-0.836	7.2e-05	0.164313306036232
-0.836	7.8e-05	0.162458806914118
-0.836	8.4e-05	0.165614145132351
-0.836	9e-05	0.171800771182101
-0.836	9.6e-05	0.178501504646586
-0.836	0.000102	0.188695545538765
-0.836	0.000108	0.1895125432833
-0.836	0.000114	0.186433674182219
-0.836	0.00012	0.172930645852633
-0.836	0.000126	0.166642545910626
-0.836	0.000132	0.159831139507088
-0.836	0.000138	0.158703452479784
-0.836	0.000144	0.160589738077585
-0.836	0.00015	0.164672090685498
-0.836	0.000156	0.170061331226976
-0.836	0.000162	0.176178707387863
-0.836	0.000168	0.178703927399732
-0.836	0.000174	0.179948719040279
-0.836	0.00018	0.180138672218571
-0.836	0.000186	0.177909932738228
-0.836	0.000192	0.179716959972705
-0.836	0.000198	0.179433835012926
-0.836	0.000204	0.183655978108116
-0.836	0.00021	0.18539740882088
-0.836	0.000216	0.18916457653616
-0.836	0.000222	0.1906993185889
-0.836	0.000228	0.192140910736069
-0.836	0.000234	0.194951530861653
-0.836	0.00024	0.196993697073689
-0.836	0.000246	0.201497182200438
-0.836	0.000252	0.199023524971061
-0.836	0.000258	0.198550162436692
-0.836	0.000264	0.19177721482515
-0.836	0.00027	0.192511038323527
-0.836	0.000276	0.186344024505343
-0.836	0.000282	0.185770599109327
-0.836	0.000288	0.181339043735687
-0.836	0.000294	0.17625610625139
-0.836	0.0003	0.172562487146898

-0.835666666666667	-0.0003	0.370843689620874
-0.835666666666667	-0.000294	0.351003240908026
-0.835666666666667	-0.000288	0.344757559378585
-0.835666666666667	-0.000282	0.348815136930821
-0.835666666666667	-0.000276	0.347530202005806
-0.835666666666667	-0.00027	0.354620489331113
-0.835666666666667	-0.000264	0.362180070174198
-0.835666666666667	-0.000258	0.372119042669398
-0.835666666666667	-0.000252	0.370522149625629
-0.835666666666667	-0.000246	0.370507973689434
-0.835666666666667	-0.00024	0.360508140931548
-0.835666666666667	-0.000234	0.358112166969042
-0.835666666666667	-0.000228	0.367050138912578
-0.835666666666667	-0.000222	0.367856942243243
-0.835666666666667	-0.000216	0.374247883351588
-0.835666666666667	-0.00021	0.36620555496209
-0.835666666666667	-0.000204	0.370470039940551
-0.835666666666667	-0.000198	0.366145897909991
-0.835666666666667	-0.000192	0.371385131660312
-0.835666666666667	-0.000186	0.366869898868619
-0.835666666666667	-0.00018	0.364194037659345
-0.835666666666667	-0.000174	0.355337292965555
-0.835666666666667	-0.000168	0.350453835852126
-0.835666666666667	-0.000162	0.340959283373883
-0.835666666666667	-0.000156	0.335689750740666
-0.835666666666667	-0.00015	0.330758493589122
-0.835666666666667	-0.000144	0.322938736161884
-0.835666666666667	-0.000138	0.323216413901254
-0.835666666666667	-0.000132	0.318835874407521
-0.835666666666667	-0.000126	0.318857641471965
-0.835666666666667	-0.00012	0.313042991560942
-0.835666666666667	-0.000114	0.312945247607411
-0.835666666666667	-0.000108	0.307611113819554
-0.835666666666667	-0.000102	0.309330886861546
-0.835666666666667	-9.6e-05	0.308364844882578
-0.835666666666667	-9e-05	0.309998446595774
-0.835666666666667	-8.4e-05	0.31240472436582
-0.835666666666667	-7.8e-05	0.313884928438742
-0.835666666666667	-7.2e-05	0.314450281443415
-0.835666666666667	-6.6e-05	0.311341966645981
-0.835666666666667	-6e-05	0.307331926611478
-0.835666666666667	-5.4e-05	0.290335043944564
-0.835666666666667	-4.8e-05	0.276246941017952
-0.835666666666667	-4.2e-05	0.248107400072928
-0.835666666666667	-3.6e-05	0.231673792142341
-0.835666666666667	-3e-05	0.215651373874479
-0.835666666666667	-2.4e-05	0.205352161968713
-0.835666666666667	-1.8e-05	0.199591174986795
-0.835666666666667	-1.2e-05	0.196098337901854
-0.835666666666667	-5.99999999999998e-06	0.195057084711983
-0.835666666666667	0	0.195581835016822
-0.835666666666667	5.99999999999998e-06	0.198488842760988
-0.835666666666667	1.2e-05	0.204109536095478
-0.835666666666667	1.8e-05	0.215658243078724
-0.835666666666667	2.4e-05	0.222531909845821
-0.835666666666667	3e-05	0.230740914864019
-0.835666666666667	3.6e-05	0.230155216781086
-0.835666666666667	4.2e-05	0.229027901653741
-0.835666666666667	4.8e-05	0.225366484679077
-0.835666666666667	5.4e-05	0.221605136098259
-0.835666666666667	6e-05	0.219409966024173
-0.835666666666667	6.6e-05	0.215346722490025
-0.835666666666667	7.2e-05	0.215276039694636
-0.835666666666667	7.8e-05	0.212966215168568
-0.835666666666667	8.4e-05	0.22149148796188
-0.835666666666667	9e-05	0.222064366448263
-0.835666666666667	9.6e-05	0.230428191071779
-0.835666666666667	0.000102	0.234550894784183
-0.835666666666667	0.000108	0.234183895530158
-0.835666666666667	0.000114	0.223064645054783
-0.835666666666667	0.00012	0.217184125171929
-0.835666666666667	0.000126	0.199505616207123
-0.835666666666667	0.000132	0.189599239638766
-0.835666666666667	0.000138	0.183936871672837
-0.835666666666667	0.000144	0.179168998760114
-0.835666666666667	0.00015	0.184426794674566
-0.835666666666667	0.000156	0.189943246746543
-0.835666666666667	0.000162	0.195427343557283
-0.835666666666667	0.000168	0.198582277060508
-0.835666666666667	0.000174	0.205019618117838
-0.835666666666667	0.00018	0.205407990658083
-0.835666666666667	0.000186	0.207367113884151
-0.835666666666667	0.000192	0.207960643732751
-0.835666666666667	0.000198	0.214443072146553
-0.835666666666667	0.000204	0.217354695819292
-0.835666666666667	0.00021	0.224808897828767
-0.835666666666667	0.000216	0.227379905242846
-0.835666666666667	0.000222	0.231564191148986
-0.835666666666667	0.000228	0.234533984292778
-0.835666666666667	0.000234	0.23567939124385
-0.835666666666667	0.00024	0.241012234298666
-0.835666666666667	0.000246	0.239130466191341
-0.835666666666667	0.000252	0.239673811480058
-0.835666666666667	0.000258	0.235935608176896
-0.835666666666667	0.000264	0.230802518936019
-0.835666666666667	0.00027	0.223862763426191
-0.835666666666667	0.000276	0.218516050695648
-0.835666666666667	0.000282	0.208211391555379
-0.835666666666667	0.000288	0.202432772158053
-0.835666666666667	0.000294	0.19706987085776
-0.835666666666667	0.0003	0.192286389102316

-0.835333333333333	-0.0003	0.401374719860022
-0.835333333333333	-0.000294	0.383873125715456
-0.835333333333333	-0.000288	0.366354052284541
-0.835333333333333	-0.000282	0.355544791039151
-0.835333333333333	-0.000276	0.34650144025261
-0.835333333333333	-0.00027	0.336861212522532
-0.835333333333333	-0.000264	0.340361421978915
-0.835333333333333	-0.000258	0.342187098881186
-0.835333333333333	-0.000252	0.341131319726377
-0.835333333333333	-0.000246	0.331943190640469
-0.835333333333333	-0.00024	0.337270192687256
-0.835333333333333	-0.000234	0.329099427704247
-0.835333333333333	-0.000228	0.331836280436398
-0.835333333333333	-0.000222	0.333991657264154
-0.835333333333333	-0.000216	0.339591786751834
-0.835333333333333	-0.00021	0.333683571274054
-0.835333333333333	-0.000204	0.337678341529607
-0.835333333333333	-0.000198	0.332031112065994
-0.835333333333333	-0.000192	0.339700775203112
-0.835333333333333	-0.000186	0.341128278920096
-0.835333333333333	-0.00018	0.333952279653171
-0.835333333333333	-0.000174	0.327780431159004
-0.835333333333333	-0.000168	0.324008472493733
-0.835333333333333	-0.000162	0.319908870304806
-0.835333333333333	-0.000156	0.30615698648153
-0.835333333333333	-0.00015	0.303689214016711
-0.835333333333333	-0.000144	0.293602334893409
-0.835333333333333	-0.000138	0.290675616456091
-0.835333333333333	-0.000132	0.278682511350595
-0.835333333333333	-0.000126	0.277835389742232
-0.835333333333333	-0.00012	0.273636315371914
-0.835333333333333	-0.000114	0.283543173210412
-0.835333333333333	-0.000108	0.28616515274552
-0.835333333333333	-0.000102	0.296209394668913
-0.835333333333333	-9.6e-05	0.302484543758878
-0.835333333333333	-9e-05	0.305624273150833
-0.835333333333333	-8.4e-05	0.316207156911916
-0.835333333333333	-7.8e-05	0.313557963084909
-0.835333333333333	-7.2e-05	0.319412078105879
-0.835333333333333	-6.6e-05	0.31737384965964
-0.835333333333333	-6e-05	0.314668323976066
-0.835333333333333	-5.4e-05	0.302468683356048
-0.835333333333333	-4.8e-05	0.287998355145944
-0.835333333333333	-4.2e-05	0.266809179806946
-0.835333333333333	-3.6e-05	0.251237744455188
-0.835333333333333	-3e-05	0.238982297019367
-0.835333333333333	-2.4e-05	0.234059374800689
-0.835333333333333	-1.8e-05	0.231828502365733
-0.835333333333333	-1.2e-05	0.22720579061026
-0.835333333333333	-5.99999999999998e-06	0.227808596072534
-0.835333333333333	0	0.229104119191993
-0.835333333333333	5.99999999999998e-06	0.235332015165221
-0.835333333333333	1.2e-05	0.242861122127481
-0.835333333333333	1.8e-05	0.248902127606963
-0.835333333333333	2.4e-05	0.254402369240321
-0.835333333333333	3e-05	0.260580649413376
-0.835333333333333	3.6e-05	0.256330581046113
-0.835333333333333	4.2e-05	0.249333443614632
-0.835333333333333	4.8e-05	0.240735716032146
-0.835333333333333	5.4e-05	0.229657286999318
-0.835333333333333	6e-05	0.223793021316309
-0.835333333333333	6.6e-05	0.217260823989717
-0.835333333333333	7.2e-05	0.215311217019441
-0.835333333333333	7.8e-05	0.212237116983039
-0.835333333333333	8.4e-05	0.217771857764331
-0.835333333333333	9e-05	0.218257733625385
-0.835333333333333	9.6e-05	0.232697259780698
-0.835333333333333	0.000102	0.24184290483334
-0.835333333333333	0.000108	0.238901135399717
-0.835333333333333	0.000114	0.235152518921181
-0.835333333333333	0.00012	0.220670530582679
-0.835333333333333	0.000126	0.204277831593603
-0.835333333333333	0.000132	0.192304765315293
-0.835333333333333	0.000138	0.189330224985087
-0.835333333333333	0.000144	0.187717537154489
-0.835333333333333	0.00015	0.19836062491019
-0.835333333333333	0.000156	0.208906646877486
-0.835333333333333	0.000162	0.218438695583951
-0.835333333333333	0.000168	0.222067691667285
-0.835333333333333	0.000174	0.227633190730397
-0.835333333333333	0.00018	0.229304157411625
-0.835333333333333	0.000186	0.234310625781118
-0.835333333333333	0.000192	0.237052772635155
-0.835333333333333	0.000198	0.23790947612001
-0.835333333333333	0.000204	0.247612445493185
-0.835333333333333	0.00021	0.252756822990686
-0.835333333333333	0.000216	0.264048503608522
-0.835333333333333	0.000222	0.266782556162416
-0.835333333333333	0.000228	0.270414439932367
-0.835333333333333	0.000234	0.268282317792382
-0.835333333333333	0.00024	0.273886210017394
-0.835333333333333	0.000246	0.273898482704311
-0.835333333333333	0.000252	0.270163560858944
-0.835333333333333	0.000258	0.264745946576206
-0.835333333333333	0.000264	0.258563509861757
-0.835333333333333	0.00027	0.25384104151685
-0.835333333333333	0.000276	0.24604267926584
-0.835333333333333	0.000282	0.23659391418511
-0.835333333333333	0.000288	0.227021809700187
-0.835333333333333	0.000294	0.221166907136863
-0.835333333333333	0.0003	0.21510562218338

-0.835	-0.0003	0.258632223773073
-0.835	-0.000294	0.30034259909089
-0.835	-0.000288	0.327137723056728
-0.835	-0.000282	0.341220860035421
-0.835	-0.000276	0.349614524131166
-0.835	-0.00027	0.346576388976017
-0.835	-0.000264	0.350768550387911
-0.835	-0.000258	0.347077578344362
-0.835	-0.000252	0.344558855620336
-0.835	-0.000246	0.339164692892165
-0.835	-0.00024	0.330259294969021
-0.835	-0.000234	0.332427163242847
-0.835	-0.000228	0.325187241014597
-0.835	-0.000222	0.320300086793932
-0.835	-0.000216	0.316922494815389
-0.835	-0.00021	0.314597334903766
-0.835	-0.000204	0.309368339330891
-0.835	-0.000198	0.307093079596947
-0.835	-0.000192	0.305197179291164
-0.835	-0.000186	0.300924162517739
-0.835	-0.00018	0.302361773151978
-0.835	-0.000174	0.291947316135116
-0.835	-0.000168	0.29478900080064
-0.835	-0.000162	0.285528285651272
-0.835	-0.000156	0.284217186515886
-0.835	-0.00015	0.273360081494644
-0.835	-0.000144	0.272006804546527
-0.835	-0.000138	0.272517488292399
-0.835	-0.000132	0.261358750852304
-0.835	-0.000126	0.251168067984798
-0.835	-0.00012	0.243512033874244
-0.835	-0.000114	0.244193025768238
-0.835	-0.000108	0.244526882211626
-0.835	-0.000102	0.2546512575655
-0.835	-9.6e-05	0.258892006576654
-0.835	-9e-05	0.268284111650339
-0.835	-8.4e-05	0.2746919851354
-0.835	-7.8e-05	0.294062527790743
-0.835	-7.2e-05	0.297608043365101
-0.835	-6.6e-05	0.305851481910533
-0.835	-6e-05	0.305337844833854
-0.835	-5.4e-05	0.305121814941805
-0.835	-4.8e-05	0.292678273813395
-0.835	-4.2e-05	0.279556103474429
-0.835	-3.6e-05	0.266172706493271
-0.835	-3e-05	0.25345091884699
-0.835	-2.4e-05	0.248256838085585
-0.835	-1.8e-05	0.238637261708327
-0.835	-1.2e-05	0.236483000592195
-0.835	-5.99999999999998e-06	0.230594583318275
-0.835	0	0.233224547752808
-0.835	5.99999999999998e-06	0.238082081274494
-0.835	1.2e-05	0.245908029729107
-0.835	1.8e-05	0.248289696495226
-0.835	2.4e-05	0.255139474184748
-0.835	3e-05	0.251366618613988
-0.835	3.6e-05	0.246112005716884
-0.835	4.2e-05	0.241688829023242
-0.835	4.8e-05	0.224887718662036
-0.835	5.4e-05	0.213869515490346
-0.835	6e-05	0.201322433152208
-0.835	6.6e-05	0.196824417135877
-0.835	7.2e-05	0.191075877850548
-0.835	7.8e-05	0.191036193979097
-0.835	8.4e-05	0.188480434446912
-0.835	9e-05	0.195906153323805
-0.835	9.6e-05	0.202373618247313
-0.835	0.000102	0.207159572042282
-0.835	0.000108	0.209114779383167
-0.835	0.000114	0.210345241951412
-0.835	0.00012	0.204054823105987
-0.835	0.000126	0.196935221335121
-0.835	0.000132	0.193193408418989
-0.835	0.000138	0.187364910724597
-0.835	0.000144	0.193304650145939
-0.835	0.00015	0.200642097563867
-0.835	0.000156	0.211098841756594
-0.835	0.000162	0.21881895196458
-0.835	0.000168	0.222372736827614
-0.835	0.000174	0.223051869210066
-0.835	0.00018	0.225447165009794
-0.835	0.000186	0.227795273318184
-0.835	0.000192	0.227074553812653
-0.835	0.000198	0.238311587064046
-0.835	0.000204	0.245843734856077
-0.835	0.00021	0.252083247203523
-0.835	0.000216	0.259996635827614
-0.835	0.000222	0.268467020612365
-0.835	0.000228	0.267260665887898
-0.835	0.000234	0.271848003440024
-0.835	0.00024	0.270887386819643
-0.835	0.000246	0.271783949195018
-0.835	0.000252	0.270475540846566
-0.835	0.000258	0.260527380278937
-0.835	0.000264	0.259881040676031
-0.835	0.00027	0.253495328035987
-0.835	0.000276	0.244099569592802
-0.835	0.000282	0.233886200855959
-0.835	0.000288	0.230712562991628
-0.835	0.000294	0.225431851497805
-0.835	0.0003	0.226232682548506

-0.834666666666667	-0.0003	0.379760003891289
-0.834666666666667	-0.000294	0.370955346990219
-0.834666666666667	-0.000288	0.357828101312011
-0.834666666666667	-0.000282	0.347906126847112
-0.834666666666667	-0.000276	0.343787973444931
-0.834666666666667	-0.00027	0.352247507512507
-0.834666666666667	-0.000264	0.345731476875052
-0.834666666666667	-0.000258	0.343461314349218
-0.834666666666667	-0.000252	0.334711611096199
-0.834666666666667	-0.000246	0.335216606963103
-0.834666666666667	-0.00024	0.337631722833212
-0.834666666666667	-0.000234	0.331132493312281
-0.834666666666667	-0.000228	0.325582745281817
-0.834666666666667	-0.000222	0.31913394097933
-0.834666666666667	-0.000216	0.315347434489649
-0.834666666666667	-0.00021	0.310548289193474
-0.834666666666667	-0.000204	0.312665732248857
-0.834666666666667	-0.000198	0.309961125386619
-0.834666666666667	-0.000192	0.318307820743133
-0.834666666666667	-0.000186	0.311504836771425
-0.834666666666667	-0.00018	0.310104722367757
-0.834666666666667	-0.000174	0.308884322967286
-0.834666666666667	-0.000168	0.299579089261088
-0.834666666666667	-0.000162	0.299725727071997
-0.834666666666667	-0.000156	0.295119903936712
-0.834666666666667	-0.00015	0.285793953224108
-0.834666666666667	-0.000144	0.277679695095595
-0.834666666666667	-0.000138	0.277863851005945
-0.834666666666667	-0.000132	0.267743347780725
-0.834666666666667	-0.000126	0.261563426878773
-0.834666666666667	-0.00012	0.250002950359366
-0.834666666666667	-0.000114	0.242083698858377
-0.834666666666667	-0.000108	0.227859786957416
-0.834666666666667	-0.000102	0.22307322062037
-0.834666666666667	-9.6e-05	0.220379573852535
-0.834666666666667	-9e-05	0.227421557993672
-0.834666666666667	-8.4e-05	0.237014620103628
-0.834666666666667	-7.8e-05	0.240914774734386
-0.834666666666667	-7.2e-05	0.255355241579904
-0.834666666666667	-6.6e-05	0.270438569656758
-0.834666666666667	-6e-05	0.288224120067033
-0.834666666666667	-5.4e-05	0.290182565125627
-0.834666666666667	-4.8e-05	0.292496655560921
-0.834666666666667	-4.2e-05	0.281950261686619
-0.834666666666667	-3.6e-05	0.275872744427997
-0.834666666666667	-3e-05	0.264485376234969
-0.834666666666667	-2.4e-05	0.257721288571217
-0.834666666666667	-1.8e-05	0.250294694643609
-0.834666666666667	-1.2e-05	0.242217735855382
-0.834666666666667	-5.99999999999998e-06	0.238441292521729
-0.834666666666667	0	0.239733009144978
-0.834666666666667	5.99999999999998e-06	0.247327461038306
-0.834666666666667	1.2e-05	0.25609831881604
-0.834666666666667	1.8e-05	0.269900868509273
-0.834666666666667	2.4e-05	0.27442607693454
-0.834666666666667	3e-05	0.272392595677065
-0.834666666666667	3.6e-05	0.267141286130114
-0.834666666666667	4.2e-05	0.251581467187808
-0.834666666666667	4.8e-05	0.233702460588004
-0.834666666666667	5.4e-05	0.220783872446846
-0.834666666666667	6e-05	0.207521342825658
-0.834666666666667	6.6e-05	0.198424941661484
-0.834666666666667	7.2e-05	0.19544563226425
-0.834666666666667	7.8e-05	0.191980622017983
-0.834666666666667	8.4e-05	0.191687587026537
-0.834666666666667	9e-05	0.185716192389699
-0.834666666666667	9.6e-05	0.190902682029903
-0.834666666666667	0.000102	0.19396875341035
-0.834666666666667	0.000108	0.195143321661478
-0.834666666666667	0.000114	0.189699236870317
-0.834666666666667	0.00012	0.183673588647609
-0.834666666666667	0.000126	0.179531699292213
-0.834666666666667	0.000132	0.17303283073211
-0.834666666666667	0.000138	0.173806031832074
-0.834666666666667	0.000144	0.178952936043621
-0.834666666666667	0.00015	0.187136192484446
-0.834666666666667	0.000156	0.196474569015374
-0.834666666666667	0.000162	0.207155437393246
-0.834666666666667	0.000168	0.208018681943613
-0.834666666666667	0.000174	0.212128041023402
-0.834666666666667	0.00018	0.212138147943006
-0.834666666666667	0.000186	0.212952039230024
-0.834666666666667	0.000192	0.208765193780697
-0.834666666666667	0.000198	0.218743084450373
-0.834666666666667	0.000204	0.225998407691925
-0.834666666666667	0.00021	0.227013321640612
-0.834666666666667	0.000216	0.236573875348528
-0.834666666666667	0.000222	0.239134382081222
-0.834666666666667	0.000228	0.24720768749995
-0.834666666666667	0.000234	0.247068815815217
-0.834666666666667	0.00024	0.252119999634176
-0.834666666666667	0.000246	0.249607117941668
-0.834666666666667	0.000252	0.252181866240653
-0.834666666666667	0.000258	0.247297884086459
-0.834666666666667	0.000264	0.243563159131379
-0.834666666666667	0.00027	0.235240724759447
-0.834666666666667	0.000276	0.23341288207577
-0.834666666666667	0.000282	0.229298141389225
-0.834666666666667	0.000288	0.227389093348161
-0.834666666666667	0.000294	0.227739510256561
-0.834666666666667	0.0003	0.22367136640224

-0.834333333333333	-0.0003	0.284856700659331
-0.834333333333333	-0.000294	0.335588637806887
-0.834333333333333	-0.000288	0.360613301015398
-0.834333333333333	-0.000282	0.364691945569895
-0.834333333333333	-0.000276	0.363011418878696
-0.834333333333333	-0.00027	0.349862515527367
-0.834333333333333	-0.000264	0.35297201164303
-0.834333333333333	-0.000258	0.355640938025011
-0.834333333333333	-0.000252	0.354253927607143
-0.834333333333333	-0.000246	0.352698359184863
-0.834333333333333	-0.00024	0.343945265082728
-0.834333333333333	-0.000234	0.341583877781215
-0.834333333333333	-0.000228	0.331566171979897
-0.834333333333333	-0.000222	0.335114947119691
-0.834333333333333	-0.000216	0.332351033224701
-0.834333333333333	-0.00021	0.333635990018584
-0.834333333333333	-0.000204	0.324970511083856
-0.834333333333333	-0.000198	0.327933325627383
-0.834333333333333	-0.000192	0.329037145448329
-0.834333333333333	-0.000186	0.334821037065787
-0.834333333333333	-0.00018	0.329296512602468
-0.834333333333333	-0.000174	0.318083215271404
-0.834333333333333	-0.000168	0.313975693827242
-0.834333333333333	-0.000162	0.309132664382833
-0.834333333333333	-0.000156	0.305008757471587
-0.834333333333333	-0.00015	0.305950954115414
-0.834333333333333	-0.000144	0.30296381293372
-0.834333333333333	-0.000138	0.291081774550199
-0.834333333333333	-0.000132	0.27529201230003
-0.834333333333333	-0.000126	0.270196266139525
-0.834333333333333	-0.00012	0.258947791500099
-0.834333333333333	-0.000114	0.249348910260378
-0.834333333333333	-0.000108	0.241904530764814
-0.834333333333333	-0.000102	0.239796625848185
-0.834333333333333	-9.6e-05	0.234801095694829
-0.834333333333333	-9e-05	0.235747842634785
-0.834333333333333	-8.4e-05	0.234038745312039
-0.834333333333333	-7.8e-05	0.238192579217967
-0.834333333333333	-7.2e-05	0.240539965581213
-0.834333333333333	-6.6e-05	0.245697665823669
-0.834333333333333	-6e-05	0.246696719364827
-0.834333333333333	-5.4e-05	0.246240901721063
-0.834333333333333	-4.8e-05	0.242429937380004
-0.834333333333333	-4.2e-05	0.235138517982914
-0.834333333333333	-3.6e-05	0.234115137859963
-0.834333333333333	-3e-05	0.237163073664853
-0.834333333333333	-2.4e-05	0.242388744018706
-0.834333333333333	-1.8e-05	0.245849313343724
-0.834333333333333	-1.2e-05	0.250384978729082
-0.834333333333333	-5.99999999999998e-06	0.258928080837484
-0.834333333333333	0	0.264703790655834
-0.834333333333333	5.99999999999998e-06	0.276445010367606
-0.834333333333333	1.2e-05	0.293791041102236
-0.834333333333333	1.8e-05	0.306538752330865
-0.834333333333333	2.4e-05	0.318986690605203
-0.834333333333333	3e-05	0.32873150964063
-0.834333333333333	3.6e-05	0.315801086340262
-0.834333333333333	4.2e-05	0.298120586622515
-0.834333333333333	4.8e-05	0.272821242743177
-0.834333333333333	5.4e-05	0.245375316398409
-0.834333333333333	6e-05	0.227693657226604
-0.834333333333333	6.6e-05	0.213561910786829
-0.834333333333333	7.2e-05	0.2056910281142
-0.834333333333333	7.8e-05	0.196404608141639
-0.834333333333333	8.4e-05	0.1915489997428
-0.834333333333333	9e-05	0.189036096169678
-0.834333333333333	9.6e-05	0.187745232735321
-0.834333333333333	0.000102	0.184220587296429
-0.834333333333333	0.000108	0.183848972113831
-0.834333333333333	0.000114	0.181201101806725
-0.834333333333333	0.00012	0.175595918872161
-0.834333333333333	0.000126	0.166497592580445
-0.834333333333333	0.000132	0.164111878661905
-0.834333333333333	0.000138	0.163134285929421
-0.834333333333333	0.000144	0.170217496235158
-0.834333333333333	0.00015	0.1762742090119
-0.834333333333333	0.000156	0.182712851715565
-0.834333333333333	0.000162	0.191438020533883
-0.834333333333333	0.000168	0.194763043404934
-0.834333333333333	0.000174	0.20040526316175
-0.834333333333333	0.00018	0.197875777243004
-0.834333333333333	0.000186	0.199204530683807
-0.834333333333333	0.000192	0.197568347551509
-0.834333333333333	0.000198	0.201141033663587
-0.834333333333333	0.000204	0.205893516495093
-0.834333333333333	0.00021	0.214032845033504
-0.834333333333333	0.000216	0.219261140562989
-0.834333333333333	0.000222	0.226448056158392
-0.834333333333333	0.000228	0.227530065165412
-0.834333333333333	0.000234	0.23326598174213
-0.834333333333333	0.00024	0.236063979163801
-0.834333333333333	0.000246	0.240084235483393
-0.834333333333333	0.000252	0.240983116757488
-0.834333333333333	0.000258	0.234771343728612
-0.834333333333333	0.000264	0.232397814990977
-0.834333333333333	0.00027	0.229961807125931
-0.834333333333333	0.000276	0.229978980135368
-0.834333333333333	0.000282	0.22166433376083
-0.834333333333333	0.000288	0.219493599676301
-0.834333333333333	0.000294	0.218493474203539
-0.834333333333333	0.0003	0.218285560464059

-0.834	-0.0003	0.447644496507016
-0.834	-0.000294	0.432904891139292
-0.834	-0.000288	0.411001449823728
-0.834	-0.000282	0.401866064831494
-0.834	-0.000276	0.391604830433488
-0.834	-0.00027	0.382182120218787
-0.834	-0.000264	0.383343453214529
-0.834	-0.000258	0.386197629326125
-0.834	-0.000252	0.386179821912789
-0.834	-0.000246	0.376161241051361
-0.834	-0.00024	0.375214472240188
-0.834	-0.000234	0.367854142041496
-0.834	-0.000228	0.366340663909492
-0.834	-0.000222	0.353899288550743
-0.834	-0.000216	0.354034047455309
-0.834	-0.00021	0.352566750477901
-0.834	-0.000204	0.349768118661727
-0.834	-0.000198	0.346947347869405
-0.834	-0.000192	0.347480958129081
-0.834	-0.000186	0.346985040966774
-0.834	-0.00018	0.342085898448443
-0.834	-0.000174	0.34237541133293
-0.834	-0.000168	0.333877659103731
-0.834	-0.000162	0.328234433028963
-0.834	-0.000156	0.316840392529023
-0.834	-0.00015	0.314756595420937
-0.834	-0.000144	0.304294688408797
-0.834	-0.000138	0.302140252271247
-0.834	-0.000132	0.295091902083667
-0.834	-0.000126	0.287449125111461
-0.834	-0.00012	0.27695974126355
-0.834	-0.000114	0.261849133241212
-0.834	-0.000108	0.253026472060009
-0.834	-0.000102	0.244977668253886
-0.834	-9.6e-05	0.241593316445979
-0.834	-9e-05	0.239137182259479
-0.834	-8.4e-05	0.243346057288934
-0.834	-7.8e-05	0.250107563510094
-0.834	-7.2e-05	0.25781448222627
-0.834	-6.6e-05	0.267009393033902
-0.834	-6e-05	0.277018895167243
-0.834	-5.4e-05	0.2753871529421
-0.834	-4.8e-05	0.268697685851278
-0.834	-4.2e-05	0.260078913135398
-0.834	-3.6e-05	0.24941027369496
-0.834	-3e-05	0.245707357091483
-0.834	-2.4e-05	0.236014450874336
-0.834	-1.8e-05	0.230000703445632
-0.834	-1.2e-05	0.220378523782752
-0.834	-5.99999999999998e-06	0.219055830118528
-0.834	0	0.216678254240218
-0.834	5.99999999999998e-06	0.251417875107825
-0.834	1.2e-05	0.272636824312445
-0.834	1.8e-05	0.302716609098665
-0.834	2.4e-05	0.336182386421689
-0.834	3e-05	0.341157221439856
-0.834	3.6e-05	0.330138843260841
-0.834	4.2e-05	0.307226154011389
-0.834	4.8e-05	0.269398082149768
-0.834	5.4e-05	0.232926787450863
-0.834	6e-05	0.212549906405374
-0.834	6.6e-05	0.197849022350028
-0.834	7.2e-05	0.194164722611042
-0.834	7.8e-05	0.18788311997332
-0.834	8.4e-05	0.188495113543258
-0.834	9e-05	0.184903679315894
-0.834	9.6e-05	0.185182582122976
-0.834	0.000102	0.182077155016857
-0.834	0.000108	0.181522773066859
-0.834	0.000114	0.180610328389249
-0.834	0.00012	0.171859925092841
-0.834	0.000126	0.166841030902674
-0.834	0.000132	0.16207348613573
-0.834	0.000138	0.166033680671772
-0.834	0.000144	0.170441161016682
-0.834	0.00015	0.180717413591248
-0.834	0.000156	0.187014078164407
-0.834	0.000162	0.196809059872057
-0.834	0.000168	0.200960968638696
-0.834	0.000174	0.202916810395225
-0.834	0.00018	0.201004502765235
-0.834	0.000186	0.202050896919745
-0.834	0.000192	0.20330772060509
-0.834	0.000198	0.202692751837826
-0.834	0.000204	0.210653634209027
-0.834	0.00021	0.213844598218903
-0.834	0.000216	0.222982105224269
-0.834	0.000222	0.226118465626579
-0.834	0.000228	0.232120290399458
-0.834	0.000234	0.232679692995385
-0.834	0.00024	0.236758993841442
-0.834	0.000246	0.236969007727534
-0.834	0.000252	0.236778813895379
-0.834	0.000258	0.236449354621408
-0.834	0.000264	0.236567421800772
-0.834	0.00027	0.237824157982455
-0.834	0.000276	0.233225182170801
-0.834	0.000282	0.231283319460181
-0.834	0.000288	0.22675301381271
-0.834	0.000294	0.22794506134314
-0.834	0.0003	0.22575393840973
